53.970001,50.908501,42.803001,54.870998,32.179855,26.344,9999,65.617485,16.472466,123.48229,9999,91.739998,46,9999,69.399132,25.80752,9999,9999,107.55503,21.489809,9999,27.813856,88.622299,21.790001,23.9417,9999,9999,65.260056,56.659401,9999,190.27562,9999,124.09178,15.493115,3.6872697,9999,9999,9999,105.3067,9999,32.440247,6.0840654,9999,9999
50.950001,46.767899,46.007198,66.703697,29.978804,26.3955,9999,71.260162,17.993149,124.19717,9999,98.080002,49,9999,69.69474,24.42062,9999,9999,104.36478,22.88752,9999,28.42473,88.145203,25.07,16.5839,9999,9999,69.919518,56.4618,9999,122.82564,9999,123.88933,16.277559,3.5554917,9999,9999,9999,103.71175,9999,35.79512,5.4330726,9999,9999
48.18,46.443901,46.238899,62.827599,25.187567,24.745399,9999,71.260162,17.564327,120.24017,9999,95.190002,50,9999,69.028175,24.159781,9999,9999,103.50334,23.043753,9999,29.055813,86.664803,25.299999,15.6471,9999,9999,68.436874,52.405701,9999,90.823868,9999,127.96501,16.161087,3.5226154,9999,9999,9999,98.092819,9999,38.968449,4.8490615,9999,9999
40.810001,49.742802,46.7365,66.724098,24.698692,27.646601,9999,67.125175,16.654652,110.16321,9999,89.629997,50,9999,68.476425,21.963781,9999,9999,99.627144,22.897293,9999,30.69701,85.173401,26.17,15.83,9999,9999,57.502419,55.522099,9999,114.12118,9999,114.27024,14.659344,4.6841221,9999,9999,9999,73.744347,9999,41.195843,4.4285941,9999,9999
37.34,47.877201,47.3951,59,24.465086,23.2153,9999,17.497961,16.348749,102.38296,9999,92.110001,50,9999,68.892464,21.645981,9999,9999,99.341545,35.627346,9999,28.703018,81.639198,29.809999,14.5386,9999,9999,57.929726,53.308201,9999,96.781868,9999,107.4935,16.268274,3.787982,9999,9999,9999,70.641144,9999,40.713665,4.3823628,9999,9999
27.719999,49.1269,47.1549,60.7407,22.695557,26.9011,9999,16.9769,15.40783,94.84095,9999,92.440002,49,9999,67.103096,21.454178,9999,9999,95.569748,68.53392,9999,23.717129,81.031898,32.470001,13.5835,9999,9999,61.000946,62.215401,9999,80.068314,9999,110.44681,16.647684,3.6835706,9999,9999,9999,68.717857,9999,39.034847,3.895813,9999,9999
25.49,47.075001,45.4198,50.3438,19.398388,30.7208,9999,18.121599,15.5193,85.428886,9999,85.209999,48,9999,66.229515,21.255331,9999,9999,87.573273,70.47435,9999,24.982328,76.406303,29.700001,12.4743,9999,9999,60.767792,68.006897,9999,65.902328,9999,108.37064,15.350559,3.2059059,9999,9999,9999,70.699982,9999,37.405014,3.6460397,9999,9999
27.23,41.248299,44.624401,45.651001,18.747829,29.8501,9999,15.8885,14.739275,81.308891,9999,77.849998,48,9999,65.892181,21.51441,9999,9999,82.741753,61.582687,9999,25.443655,77.782898,27.540001,11.6705,9999,9999,57.299271,64.773598,9999,58.977642,9999,103.64394,14.96872,2.958812,9999,9999,9999,66.652367,9999,35.332447,3.3564808,9999,9999
23,42.3596,49.463699,47.761398,22.856451,26.3552,9999,11.3665,14.344219,80.915543,9999,81.379997,50,9999,65.648872,24.082264,9999,9999,84.763649,60.881863,9999,26.319859,80.665497,26.709999,11.1737,9999,9999,55.982143,58.763802,9999,64.14473,9999,103.67724,16.934553,3.0352917,9999,9999,9999,68.795097,9999,35.676567,3.8710515,9999,9999
24.52,40.630699,50.981201,42.896702,20.997662,26.583599,9999,6.71245,16.528063,79.603722,9999,81.949997,52,9999,65.199051,21.995308,9999,9999,82.891449,70.138596,9999,23.846502,77.0709,26.67,11.5699,9999,9999,55.23307,56.038399,9999,58.751354,9999,102.11802,18.104126,3.5498846,9999,9999,9999,70.821243,9999,34.877487,3.5289335,9999,9999
22.450001,38.771301,49.643799,39.900902,19.23077,24.881599,9999,13.275,17.494173,74.632515,9999,79.580002,50,9999,66.595566,21.117846,9999,9999,81.358078,70.836716,9999,21.512867,72.997902,26.93,10.3516,9999,9999,58.260868,52.487801,9999,75.218224,9999,89.670364,16.621719,3.2895572,9999,9999,9999,78.577675,9999,34.513351,3.3987436,9999,9999
26.08,25.887899,49.2924,35.761002,20.73258,31.987499,9999,12.3692,17.179571,74.489273,9999,72.57,48,9999,66.060081,20.443605,8.2296305,9999,73.622559,61.441631,9999,28.591585,67.887001,25.110001,10.0191,9999,9999,57.899384,52.827702,9999,86.176872,9999,82.574287,18.298941,3.0265846,9999,9999,9999,77.620491,9999,31.614355,3.3280029,9999,9999
22.99,37.3647,48.698601,34.239799,18.445005,29.9519,9999,9.4961395,16.518713,75.24929,9999,66.620003,47,9999,65.323463,19.627241,7.3518658,9999,72.103195,57.61768,9999,24.792288,65.3097,22.66,10.0592,9999,9999,55.49958,45.187,9999,83.435364,9999,80.602142,16.861462,2.8669796,9999,9999,9999,73.777618,9999,29.792233,3.1761532,9999,9999
22.74,37.0718,49.4715,37.667198,20.742975,27.2327,9999,10.1704,15.56106,72.595749,9999,66.349998,47,9999,65.761192,25.572701,7.3820996,9999,71.367287,53.590942,9999,15.6481,64.132698,19.690001,9.5092897,9999,9999,54.34243,48.7911,9999,87.377403,22.503027,75.218719,16.709682,2.9182744,9999,9.952734,9999,72.984215,9999,27.898613,3.0190754,9999,9999
24.65,38.148201,9999,56.25816,30.629747,32.7215,9999,10.7064,14.270463,76.703491,10.872396,9999,9999,9999,9999,19.934601,10.548785,9999,80.356148,55.924843,9999,11.2792,63.6688,18.620001,10.1058,9999,9999,57.395927,9999,9999,100.343,22.772097,76.532394,18.718494,6.8125095,9999,12.381075,9999,79.856888,9999,27.271152,3.2261817,33.681427,9999
23.139999,44.355598,9999,56.735718,36.227032,30.3403,9999,9.2667303,13.598891,73.700935,10.380683,9999,9999,9999,9999,19.827499,10.814878,9999,91.426651,53.24947,9999,11.1602,60.723701,16.24,11.0253,9999,9999,61.589405,9999,9999,108.065,18.795004,69.989662,18.278202,11.52658,9999,12.512193,9999,76.500877,9999,39.282608,3.0507684,30.578661,9999
22,46.0578,9999,50.494614,43.482285,24.059299,9999,8.4076996,12.237855,64.55648,8.1353388,9999,9999,9999,9999,18.8654,10.70481,9999,81.045647,43.309612,9999,11.0476,60.093899,10.93,9.0024405,9999,9999,58.279102,9999,9999,99.160301,17.439184,63.240047,16.737715,14.057087,9999,11.398295,9999,9999,9999,65.584915,2.4445717,29.466417,9999
21.690001,51.203499,9999,41.476913,46.869911,18.0378,9999,7.7021899,14.716463,54.324913,6.3865271,9999,9999,9999,9999,25.531799,13.891291,9999,94.796883,33.433323,9999,11.2134,66.227402,10.15,5.62428,9999,9999,61.705101,9999,9999,94.101303,12.449,59.723557,16.289436,15.336863,9999,11.027186,9999,9999,9999,97.845818,4.9364924,27.861113,9999
15.04,61.629002,9999,39.274563,61.903088,15.2939,9999,6.7950702,12.658414,46.680836,19.403925,9999,9999,9999,9999,20.6877,19.290382,9999,93.809563,27.495802,9999,15.0214,73.413597,14.59,6.8796101,9999,9999,57.225101,9999,9999,88,7.0122061,50.730335,17.733843,16.950577,9999,8.3847637,9999,9999,9999,119.09918,15.990739,16.373943,9999
14.45,60.628799,9999,28.977591,68.187019,20.6273,9999,5.6634998,13.408349,43.071602,21.398676,9999,9999,9999,9999,17.830099,10.435768,9999,134.7639,22.582949,9999,15.0935,62.969601,16.27,5.9822001,9999,9999,52.267624,9999,9999,75.459602,4.9892626,48.705379,13.758257,20.280243,9999,7.6047735,9999,9999,9999,142.76616,32.219032,12.205497,9999
11.86,61.205101,102.943,24.255774,58.388824,17.891399,9999,4.7915101,12.522985,39.994251,14.167172,169.56,9999,9999,9999,20.908899,14.619223,9999,154.10532,25.581404,9999,14.726,61.9739,15.06,5.29107,9999,9999,49.791599,9999,9999,70.415802,6.6318812,44.423244,11.59739,18.793976,9999,16.316214,9999,9999,9999,137.79384,27.22735,11.325,9999
13.99,59.081001,123.381,48.024635,74.083168,35.9902,9999,5.3543901,16.805349,45.502384,12.007652,237.03,9999,9999,9999,21.536699,27.487358,9999,153.57143,29.092241,9999,14.6104,72.5261,21.85,4.3517599,9999,9999,73.90181,9999,9999,85.938904,7.7394595,51.066261,15.164336,26.004444,9999,8.6332664,9999,9999,9999,158.40979,32.265053,12.4198,9999
14.97,63.367199,141.229,48.826782,75.556816,35.173199,9999,5.2662702,20.812061,47.497917,10.615872,235.88,9999,9999,9999,26.624399,29.391235,9999,143.37198,29.550446,9999,32.952099,80.298897,25.75,5.41716,9999,9999,65.274834,9999,9999,100.077,9.5451841,57.196575,18.053749,28.753504,9999,9.9760914,9999,9999,9999,183.4823,30.973,11.9193,9999
13.61,59.2318,126.439,56.499199,70.66494,26.503401,9999,6.9000001,18.648424,48.497879,12.717724,216.82001,9999,9999,9999,29.6849,27.586119,9999,144.14348,33.837006,9999,31.0012,88.865799,27.9,5.8653898,9999,9999,74.879021,9999,9999,96.025101,8.6567678,58.97784,18.771177,27.844784,9999,8.2547579,9999,9999,9999,195.54359,25.916309,9.9209805,9999
14,58.827301,104.019,48.092701,72.464737,26.5047,9999,5,17.267742,52.87772,11.327151,192.41,9999,9999,9999,27.99,24.424273,9999,147.728,33.148502,9999,35.070099,86.314301,27.799999,6.72541,9999,9999,66.33149,9999,9999,91.902496,8.1114349,57.319576,18.469469,25.846235,9999,10.553843,9999,9999,9999,188.80684,24.20752,7.8491402,9999
16.15,55.301998,116.258,39.43,64.855774,21.505699,9999,3.7,18.352024,51.398369,11.408721,197.19,11.62,9999,9999,28.964701,20.88806,9999,107.48975,33.377422,9999,17.5644,85.379204,30.74,6.7505002,9999,9999,62.460968,9999,9999,90.949699,8.2404289,56.58429,19.046679,24.79241,9999,8.6281137,9999,101.72305,9999,176.97464,22.434574,5.8647499,9999
17.43,60.452099,116.112,45.5509,62.903225,28.126101,9999,2.5999999,20.723457,51.989147,12.578382,144.66,12.3,9999,9999,29.3405,21.76989,9999,91.591866,35.226929,9999,17.173201,83.030899,34.669998,6.4225302,9999,9999,62.662819,9999,9999,91.7658,8.3708715,59.472031,18.728411,24.456678,9999,8.69382,9999,87.463196,9999,187.12485,20.067646,4.3957601,9999
19.290001,59.7108,88.712097,52.066601,57.777378,29.0049,9999,4.6999998,21.500565,52.923832,10.640452,157.5,18,9999,26.1362,28.6752,20.625051,9999,103.68835,36.737858,9999,21.4277,80.208298,37.18,7.1595001,9999,9999,61.03363,9999,9999,90.617203,9.0586214,57.276649,19.109404,23.795483,9999,7.3973937,9999,91.79361,9999,177.45224,19.190084,4.2150002,9999
19.17,62.3232,75.794502,40.055099,53.173553,29.051201,9999,6.9000001,21.464043,51.837727,10.751815,142.28999,20,9999,24.8591,30.0825,20.627697,9999,100.64485,39.061882,9999,21.5923,76.253601,38.73,12.923,9999,9999,52.457668,9999,9999,89.317802,9.4103451,60.170078,18.573441,22.066153,9999,7.9272318,9999,106.75459,9999,175.7804,17.907831,3.63379,9999
17.940001,63.843498,63.388599,46.218601,53.200848,28.8339,9999,7.5,23.800413,51.379169,11.400979,138.61,24,9999,22.506599,32.790001,22.357946,9999,98.933563,40.379509,9999,22.981701,74.175301,36.34,13.9785,9999,9999,47.02029,9999,9999,91.709503,10.768439,57.050079,17.790068,21.202196,9999,8.8683977,9999,102.97269,9999,170.52393,16.186508,2.5868299,9999
19.08,70.268204,59.845299,59.182899,60.786713,42.722198,9999,9.5,23.561789,52.203865,12.731964,143.84,29,9999,24.619301,42.400101,28.709883,9999,112.54738,49.406345,9999,24.552299,78.6856,35.759998,13.1086,9999,9999,47.451828,9999,9999,102.534,15.161507,58.919922,17.288506,22.037243,9999,11.692565,9999,117.32568,9999,170.99699,17.554565,2.05457,9999
24.32,89.813499,64.723999,75.555099,79.607925,97.400002,9999,11.9,23.903893,53.879604,15.211034,161.02,35,9999,24.0574,50.080799,43.515121,9999,109.30516,56.336006,9999,28.117599,90.377502,39.509998,20.4182,9999,9999,49.934864,9999,9999,116.817,15.923717,62.517517,18.939398,21.634447,9999,13.712709,9999,91.28418,9999,184.82608,21.707081,1.434,9999
28.200001,98.156998,78.348503,73.818199,102.30729,207.647,9999,17.6,24.475744,54.124439,16.156157,103.71,43,9999,36.814301,51.577099,58.228168,9999,89.531525,60.653294,9999,37.641899,105.265,39.509998,28.9867,9999,9999,50.57925,9999,9999,128.459,15.593674,63.080204,23.603302,23.594799,9999,9.5946388,9999,101.60355,9999,190.14745,32.751263,1.23607,9999
28.9,95.292702,71.804604,93.676598,117.86942,147.226,9999,19.6,22.896839,54.476368,15.215022,122.01,42,9999,37.324902,54.909401,67.772629,9999,100.09904,62.205761,9999,34.862499,116.086,40.43,33.369598,9999,9999,37.170723,9999,9999,113.646,13.259552,67.583984,25.583084,24.837091,9999,10.878778,9999,78.65992,9999,193.96631,39.403275,1.31383,9999
26.469999,90.147499,73.480202,80.957298,108.28924,87.718803,9999,17.700001,22.352942,54.749645,12.94352,140.88,39,9999,36.323898,52.841702,64.255943,9999,104.92893,62.40303,9999,32.156101,118.209,37.509998,33.136398,9999,9999,35.175152,9999,9999,100.336,10.618737,63.070889,23.470215,26.54768,9999,8.7570276,9999,45.058372,9999,186.63542,40.498714,1.20977,9999
30.040001,86.731796,84.085503,85.274498,105.16159,80.688004,9999,20.6,20.233541,52.328629,11.514238,167.02,37,9999,36.984901,51.837002,66.808632,9999,95.755554,62.896332,9999,30.4361,121.812,35.59,31.982201,9999,9999,34.504547,9999,9999,80.293602,9.2652044,65.856094,23.415295,28.478045,9999,8.7110538,9999,42.200634,9999,178.0881,38.628387,1.03448,9999
31.469999,79.777603,79.586502,71.8936,98.42469,66.991203,9999,17.799999,18.983557,51.145184,10.297591,141.16,35,9999,35.4347,48.950699,54.475132,9999,100.43105,63.496552,9999,26.735901,122.227,32.009998,30.7528,9999,9999,33.702278,9999,9999,73.113403,8.5391779,9999,21.300114,32.989475,9999,7.2018661,9999,38.030102,9999,170.19473,39.78627,.15291899,9999
27.16,73.546898,71.817398,61.026402,87.941231,56.392799,9999,18.4,17.913458,50.351925,9.6809835,106.76,34,9999,30.2234,47.9645,36.179466,9999,83.927139,57.010479,9999,22.3029,120.852,28.02,28.268,9999,9999,32.474873,9999,9999,70.973,7.6422195,9999,18.356432,28.523149,9999,7.449378,9999,35.539352,9999,158.69139,39.166252,.133167,9999
28.83,68.659103,69.267097,60.220299,90.838394,50.492699,9999,15.9,16.598351,49.647118,8.7644634,101.59,42,9999,27.797701,48.0238,47.549175,9999,82.364601,66.888611,9999,20.364,117.858,25.67,26.297199,9999,9999,31.102856,9999,9999,72.699097,23.70953,9999,19.172531,29.949701,9999,5.6105251,9999,33.225399,9999,155.08121,42.522587,.114811,9999
30.549999,71.193001,71.718102,55.721199,90.980255,44.476898,9999,14.5,15.300849,49.469635,15.057237,9999,49,9999,32.758301,42.746601,43.682613,9999,80.655083,71.232254,9999,19.2652,110.845,24.440001,27.8561,9999,9999,30.554369,9999,9999,71.870003,9999,9999,18.98469,32.088516,9999,4.9931459,9999,34.045715,9999,149.68408,43.304314,.11325,9999
30.4,67.7323,9999,56.7439,91.002533,40.390499,9999,13.2,14.62297,44.949211,38.979977,9999,72,9999,44.8983,40.862301,38.494057,9999,82.938049,78.695168,9999,21.665701,9999,9999,30.8556,9999,9999,26.134783,9999,9999,74.8936,9999,71.757347,24.634996,37.804264,9999,6.9761581,9999,35.718708,9999,121.0586,41.756592,.111152,9999
29.879999,66.494202,9999,49.971802,91.58416,37.002602,9999,15.2,12.453004,37.851517,51.284412,9999,102,9999,50.326,32.8895,9999,9999,98.560646,93.0737,9999,21.1276,9999,9999,28.6369,9999,9999,22.779711,9999,9999,75.194603,9999,69.938591,31.735388,43.682838,9999,4.3935108,9999,40.015282,9999,133.68727,37.837284,.03647,9999
28.049999,65.230301,9999,42.373402,93.735992,28.4494,9999,14.1,9.8992739,33.462234,55.676029,9999,136,9999,53.125999,26.5413,9999,9999,109.8052,105.08992,9999,20.814501,9999,9999,28.822001,9999,9999,24.165226,9999,9999,76.537201,9999,61.029095,39.029007,47.423794,9999,11.50813,9999,40.524303,9999,153.20392,43.627979,.038941,9999
28.92,70.178398,225.14301,37.497101,113.59812,26.8822,9999,14.1,9.8878202,26.571222,61.204659,9999,174,9999,56.579601,21.517,9999,9999,108.81,133.35887,9999,10.4618,9999,9999,26.7013,9999,9999,24.144203,9999,9999,78.980301,9999,66.026962,45.807617,53.088734,9999,18.622749,9999,25.318199,9999,173.99243,67.304817,.29191899,9999
26.92,78.729797,189.51601,29.140699,131.70999,24.9235,9999,12.4,9.0317688,9999,71.13549,9999,9999,9999,9999,25.996599,9999,9999,84.634827,203.95357,9999,6.3906202,9999,9999,26.4918,9999,9999,26.711706,9999,9999,84.736099,9999,65.123253,49.223572,62.978409,9999,27.081039,9999,21.430723,9999,200.63461,89.493942,.69735003,9999
27.610001,89.732597,153.88901,26.511101,155.46658,20.394199,9999,11.3,10.597143,9999,58.645149,9999,9999,9999,9999,38.4142,9999,9999,66.038643,129.96634,9999,6.9921198,9999,9999,26.0373,9999,9999,27.190449,9999,9999,84.645599,9999,69.588593,52.645744,68.765793,9999,28.598921,9999,25.942499,9999,234.68643,113.35767,.56642902,9999
24.24,92.494003,118.262,18.832899,153.78207,14.2137,9999,10.4,9.9756756,9999,47.885769,63.988602,9999,9999,9999,40.533298,9999,9999,38.631016,55.979115,9999,5.9334002,222.97099,64.862999,25.732,9999,9999,24.677259,9999,9999,79.936501,9999,61.199306,47.243465,86.922287,9999,21.046965,9999,33.213207,9999,269.79761,118.9,.53109503,9999
20.09,88.660698,98.624901,13.8827,131.61137,12.5824,9999,9.5,64.539063,9999,52.549999,57.2439,9999,9999,9999,31.4543,9999,9999,24.570402,27.549809,9999,6.4303899,214.03,53.049999,25.8123,9999,9999,21.941189,9999,9999,72.216301,9999,55.108051,43.267918,75.051407,9999,13.495007,9999,32.914654,9999,264.12491,107.6,.37050301,9999
19.4,74.464897,74.245201,10.7368,112.96667,9.3601303,9999,8.8000002,52.734997,9999,39.009998,47.537701,9999,9999,9999,24.6175,9999,9999,27.707066,19.670218,9999,7.2339201,175.905,45.540001,23.982401,9.9529638,9999,21.449688,9999,9999,66.822899,9999,55.60952,39.83902,76.018723,9999,5.9430499,9999,31.2131,9999,239.57339,96,.20856,9999
19.74,65.402397,78.263603,9.8463202,103.30952,7.7330499,9999,7.5,47.805836,9999,26.639999,44.34,9999,9999,9999,26.2621,9999,9999,30.711063,18.882519,4.2033491,7.2813401,162.42599,41.68,19.401199,10.162734,9999,21.10743,9999,9999,66.848099,9999,53.878353,39.262836,71.315712,9999,5.0276399,9999,30.915001,9999,220.27321,91.300003,.19734,9999
20.51,57.0583,73.688904,8.9672203,89.434845,9.1905403,9999,6.4000001,43.900414,9999,25.48,39.98,21,9999,9999,25.5012,9999,9999,30.193357,14.036154,2.3237567,5.89569,137.30901,28.98,13.8597,11.678439,9999,20.73267,9999,9999,63.384899,9999,46.221947,36.479656,66.925453,9999,6.5506902,9999,26.4485,9999,216.91817,92.099998,.1225,9999
17.42,45.186798,64.479401,6.8684402,77.99025,8.0922003,9999,5.9000001,39.403957,9999,19.17,33.869999,19,9999,9999,25.1019,9999,9999,29.962214,11.856411,1.7290896,4.3567801,118.392,24.110001,10.569,11.211133,9999,19.208508,9999,9999,61.611099,9999,39.961655,30.343874,64.483879,9999,6.8920298,9999,30.647371,9999,196.7626,78,.113077,9999
18.719999,44.922199,66.252197,5.5434198,71.399475,8.6010303,9999,5.6999998,37.365215,9999,13.12,32.869999,18,9999,9999,26.3078,9999,9999,31.770002,13.199393,2.270191,4.3950901,106.851,21.6,7.96205,10.581841,9999,18.97304,9999,9999,59.361599,9999,38.903828,27.701477,62.900017,9999,8.1559601,9999,27.241339,9999,180.8582,72.5,.050000001,9999
21.440001,41.629101,68.640503,13.9588,68.482742,6.9614401,9999,5.3000002,31.064528,9999,18.309999,35,23,9999,9999,25.215,9999,9999,32.45557,12.064266,3.5988054,4.26513,101.497,23.82,7.5992398,13.396837,9999,18.849693,9999,9999,57.696999,9999,40.299847,27.472267,60.655781,9999,12.8306,9999,24.138292,9999,169.75748,69.5,.32666701,9999
23.91,40.0177,69.606903,14.6847,69.588356,5.5767202,9999,5.5,30.63913,9999,18.950001,34.369999,25,9999,9999,25.810301,9999,9999,33.965076,11.910829,5.229126,4.9133,88.712898,24.08,8.2083902,12.1256,9999,18.624128,9999,9999,56.693699,9999,35.380939,27.983303,57.50951,9999,16.52,9999,20.448099,9999,163.22563,69.900002,.186248,9999
24.139999,39.043999,68.2519,17.0443,67.732185,5.0714202,9999,4.5999999,29.12892,9999,17.040001,33.27,23,9999,9999,27.740801,9999,9999,33.818153,12.296154,8.8501501,4.7955098,80.110901,26.77,13.8281,13.1052,9999,17.855669,9999,9999,55.584702,9999,35.095795,27.804388,53.778542,9999,13.297,9999,18.447599,9999,154.1859,67.400002,.149229,9999
22.030001,37.372398,65.222801,34.5509,59.526234,7.2581601,9999,5,28.915033,9999,16.59,32.990002,21,9999,9999,26.3864,9999,9999,32.726936,10.367735,8.8538628,4.52351,74.971397,27.02,17.312201,14.5663,9999,16.752213,9999,9999,53.898102,9999,34.324837,27.150103,52.368122,9999,12.7403,9999,17.5131,9999,143.75885,62.099998,.111765,9999
19.67,35.226799,62.627102,22.0714,58.73901,9.29632,9999,6.5,27.0581,9999,16.889999,32.599998,20,9999,9999,28.751699,9999,9999,31.993612,8.7696152,11.278848,4.2747402,72.647499,26.9,16.3484,13.7246,9999,15.803367,9999,9999,53.829601,9999,32.966797,27.541811,51.316536,9999,12.5723,9999,15.1357,9999,135.73454,58.599998,.078419998,9999
17.190001,34.369999,66.391403,30.6159,64.307915,9.0231705,9999,6.5999999,26.4088,9999,16.059999,32.02,20,9999,9999,30.202999,9999,9999,31.771458,9.0794172,9999,4.10392,75.033203,28.76,17.528299,13.0942,9999,18.676365,9999,9999,55.4151,16.884399,30.015644,28.621067,49.22768,9999,14.9859,9999,21.2125,9999,131.12766,59,1.9606301,9999
10.19,32.4622,69.599098,23.997999,65.407669,9.6035404,9999,5.8000002,23.542801,9999,15.05,31.48,19,9999,9999,34.115002,9999,9999,32.797611,9.016119,9999,4.05933,73.441399,29.27,20.645599,12.6832,9999,18.240879,9999,9999,53.919899,15.2883,29.387407,28.130514,46.646564,9999,15.2469,9999,18.2635,9999,124.87041,56.900002,2.66904,9999
8.3900003,31.474001,69.314796,22.2647,66.120247,7.0169601,9999,7.1999998,20.066668,9999,12.79,28.5,17,9999,9999,36.459999,9999,9999,31.205364,8.0349808,9999,4.5818801,66.740303,29.780001,16.120811,16.5807,9999,18.174259,9999,9999,52.919899,13.6921,30.02771,27.776339,40.640736,9999,14.2608,9999,19.877501,9999,117.94435,54.299999,8.2846203,9999
8.6899996,30.310499,67.775902,25.659401,68.65387,7.9650602,9999,8.6999998,16.430769,9999,10.13,26.309999,17,9999,9999,38.693699,9999,54.4272,29.492218,6.0629525,9999,4.3785901,65.926903,27.68,15.999,16.5072,9999,18.944824,9999,9999,52.8106,13.373,27.479916,25.122997,38.59795,9999,12.8782,9999,28.860201,9999,113.75166,53.400002,8.7851801,9999
25.08,30.4193,65.301697,23.6583,67.92083,6.9864702,9999,14.8,15.255905,9999,11.52,23.610001,17,9999,9999,36.1665,9999,54.9272,28.448675,5.7354808,9999,4.19695,63.8111,26.74,15.097888,15.8655,9999,20.698742,9999,9999,45.652599,13.0442,25.455936,22.162741,36.833755,9999,13.4114,9999,28.847799,9999,110.52126,51.599998,7.2399998,9999
23.4,29.3188,64.081299,20.4039,66.633316,9.2289896,9999,13.9,13.671028,9999,13.44,22.17,18,9999,9999,35.494301,9999,44.4272,26.580297,4.5163064,9999,4.13341,61.7248,25.280001,14.196776,14.1407,9999,23.018858,9999,9999,43.3876,9.2146502,22.144575,20.020836,36.520054,9999,12.5843,9999,27.645,9999,108.55433,50.099998,6.2968798,9999
16.75,27.652201,59.374599,22.1796,63.216038,9.6032305,9999,13.1,14.546645,9999,13.63,19.59,18,9999,9999,33.770599,9999,36.527199,26.467478,4.4382377,9999,6.2210302,57.1297,23.73,14.057,14.1623,9999,24.245022,9999,9999,30.0051,6.5664501,18.782482,18.041809,35.64706,9999,13.3292,9999,25.706301,9999,101.08108,47.700001,4.9499998,9999
15.88,34.441898,57.6017,17.605301,59.428585,12.5941,9999,15.2,12.91508,9999,14.23,17.59,18,9999,9999,36.803101,9999,32.9272,27.546236,5.23281,9999,9.9854202,55.773701,22.639084,14.4907,15.0153,9999,22.530788,9999,9999,42.7374,6.1445999,17.599157,16.292055,35.260227,9999,14.8186,9999,33.3848,9999,94.606155,45.400002,5.46316,9999
13.4,41.231602,55.576889,19.6327,58.167336,12.6053,9999,15.3,11.240964,9999,15.18,15.31,19,9999,9999,36.159801,9999,36.027199,32.215462,6.7061658,9999,5.1389298,55.565899,22.252968,16.983299,14.395,9999,22.382814,9999,9999,41.379501,4.4433599,17.103868,15.319026,35.472416,9999,14.3986,9999,33.3568,9999,91.949295,42,5.835,9999
10.93,39.2458,54.08139,13.8458,58.118958,14.8847,9999,15.8,10.059829,9999,15.83,16.049999,22,9999,9999,38.508999,9999,41.127197,31.797009,8.2212811,9999,8.2156801,55.0112,23.102177,12.0847,15.4169,9999,20.436823,9999,9999,41.0956,3.7367799,16.963472,15.448419,35.800007,9999,15.0316,9999,33.317799,9999,89.14785,40.599998,6.7404799,9999
9.4300003,38.211399,54.523613,15.7735,57.401829,17.85,9999,16.200001,9.3583431,9999,15.69,15.83,22,9999,9999,40.276299,9999,44.9272,34.198364,8.7099094,9999,7.85112,54.4091,23.090559,15.1916,15.6682,9999,18.983994,9999,9999,42.672001,2.7566099,17.506086,16.97506,35.576447,9999,15.5339,9999,33.219601,9999,88.54834,41,7.83778,9999
9.6300001,35.726898,51.587673,16.516399,55.470463,21.471701,9999,17,8.3570004,9999,12.08,14.39,20,9999,9999,38.7701,9999,50.527199,34.815239,11.963315,9999,10.657,51.650902,22.79524,17.58305,16.3992,9999,18.584278,9999,9999,44.360401,2.63114,17.936815,16.889578,33.629803,9999,17.696899,9999,33.1516,9999,82.837395,37.200001,9.9065199,9999
13.48,33.904999,47.491871,16.984501,57.834263,26.3244,9999,16.700001,7.6187501,29.414658,11.4253,21.02,18,9999,9999,38.148201,46.6917,54.327202,35.728825,10.6419,30.1661,17.0511,49.400002,20.762354,19.974501,16.7981,9999,18.204165,9999,9999,43.2957,6.9509702,17.982586,17.385336,31.34857,9999,18.5347,43.062923,39.8428,9999,73.23539,36.299999,10.5615,9999
15.19,31.3265,45.7677,17.875799,59.003807,20.019899,9999,16.200001,7.7196426,30.689978,10.3108,20.059999,18,9999,9999,37.550499,50.549198,68.027199,40.387466,11.7947,33.597206,17.0233,46.799999,21.199068,19.0144,14.8124,9999,17.383467,9999,9999,41.091599,14.168073,14.8693,17.346344,31.059875,9999,21.5466,42.227577,34.4193,9999,65.554512,36.5,9.6350899,9999
17.09,29.735201,44.843311,22.4858,57.778267,10.0631,9999,16.9,6.6449614,28.059799,9.3827,17.709999,18,9999,9999,37.164299,51.1642,63.9272,45.913834,15.6052,35.04324,17.871401,44.299999,22.627989,20.555,14.185,9999,16.036627,9999,9999,41.1241,17.918573,13.5564,17.792578,30.669275,9999,26.7708,37.921902,30.0539,9999,62.041618,35.700001,10.641,9999
12,26.466101,42.382519,22.443701,53.335361,11.0732,9999,16.299999,5.8516779,26.976973,7.6543002,15.83,18,9999,9999,34.1348,43.0919,62.139099,48.755959,15.2812,30.165833,19.9557,41.099998,22.916651,22.643,11.5254,9999,14.2698,9999,9999,38.1922,17.521206,11.9614,18.568144,31.42964,9999,21.1688,37.136265,23.0508,9999,54.562183,34.400002,9.7753401,9999
12.96,23.0131,38.84301,25.7174,50.453285,18.8218,9999,15.9,5.0829411,24.187584,6.0851002,15.42,19,9999,9999,28.9601,34.384602,79.758003,48.330875,16.0718,29.954195,21.6798,38.099998,22.798286,24.010401,13.4409,9999,14.1872,9999,9999,33.698299,18.279482,11.4724,19.532732,35.453354,9999,16.322901,34.069393,19.0366,9999,51.60144,32.599998,7.7241101,9999
33.84,22.8612,39.839729,27.7187,50.834946,28.3617,9999,14.6,4.2550263,39.894653,6.5032001,16.09,24,9999,9999,29.5037,36.693802,85.090302,54.528435,20.3204,36.361217,24.4317,38.7369,24.135378,26.953899,13.0462,9999,20.1366,9999,9999,32.7985,21.059435,11.7128,20.287762,39.424095,9999,15.7619,31.969131,20.2351,9999,46.67778,33.599998,8.3059301,9999
28.74,22.2987,40.068539,31.7582,43.658665,19.540501,9999,12.2,4.4940367,40.637825,6.1008,15.1,25,9999,9999,31.305099,38.0681,97.414101,54.149445,25.947001,42.697521,31.3435,38.5313,30.94339,34.508202,16.757,9999,25.766399,9999,9999,34.9841,19.992308,11.5058,19.545889,42.308071,9999,21.9823,34.341934,20.3615,9999,48.884434,35.099998,9.6402607,9999
25.059999,21.488501,42.93782,31.033001,45.150166,16.548401,9999,9.1999998,8.7791662,53.388535,7.7651,14.99,26,9999,9999,29.8906,27.6577,141.955,53.195141,30.9279,44.362198,41.491901,38.3745,35.164085,44.821201,19.8251,9999,28.2349,9999,9999,45.2616,19.692232,12.5257,21.697777,40.947201,9999,22.3906,43.01408,24.0093,9999,50.458641,34.799999,12.671062,9999
17.450001,22.3799,45.96645,37.0434,48.022659,25.9629,9999,7.5999999,14.095095,49.95726,10.9656,17.24,28,9999,9999,30.806101,30.3353,133.55901,57.248039,39.1287,41.475037,38.9524,39.505001,40.24649,56.002201,23.1001,9999,31.4037,9999,9999,44.736401,18.049887,12.653,24.894325,38.396912,9999,22.7677,46.121998,25.807501,9999,51.62611,34.099998,16.566912,9999
12.43,22.8866,49.432171,36.597801,45.278969,23.2307,9999,7.6999998,19.374657,73.458488,11.1233,19.82,29,9999,9999,32.245602,21.9638,155.511,56.092926,43.675499,39.77824,35.778198,41.223,42.400002,45.896801,22.458599,9999,35.2141,9999,9999,41.9282,15.450775,14.2506,29.270409,37.401058,9999,23.693001,45.443787,23.5529,9999,48.739784,32.299999,19.230984,9999
11.4,21.348801,76.795998,39.6661,45.631786,17.3857,9999,8,27.121202,60.358585,11.2101,21.0245,30,9999,9999,38.034588,17.2575,154.317,54.011074,48.7146,42.418198,31.4137,43.4897,39.200001,36.3395,24.845501,9999,31.046801,9999,9999,33.284,18.220608,15.9872,35.770763,35.703758,9999,22.147499,42.615307,22.368299,9999,42.568001,32.5,16.635092,9999
26.52,18.9447,89.685997,34.599998,46.932892,14.019,9999,8.5,36.517681,65.713234,11.4981,22.2404,34,9999,9999,37.18071,16.430099,189.69701,56.275166,53.112801,54.088474,41.687901,46.8321,35.400002,30.6182,27.560499,9999,39.304298,9999,9999,27.431801,18.497566,19.5762,43.041687,33.87735,9999,24.369801,44.310085,31.9972,9999,44.778,31.700001,18.893644,9999
52.220001,17.3873,96.800003,32.799999,52.668457,20.3139,5.3177514,8.8000002,47.927204,61.716156,13.7934,25.5791,37,9999,9999,41.695778,18.563499,225.077,60.774689,58.117001,69.889427,29.753717,52.3629,31.9,34.2444,32.901001,9999,42.9874,9999,9999,31.322901,20.21232,24.3971,49.486149,33.385529,9999,27.1052,46.628357,33.426998,9999,43.049999,34.299999,18.593464,9999
64.230003,18.892599,107.2,51.5,58.402573,45.495998,6.0129285,10.8,54.166668,59.480843,15.2915,26.9219,38,9999,9999,39.64777,23.1409,260.457,66.783562,64.2939,77.762634,25.301222,58.335701,29.5,56.1777,43.122398,9999,46.693699,9999,9999,28.705299,19.04528,29.4779,56.26088,33.512947,9999,28.920401,47.895859,32.693001,9999,41.852001,38.700001,21.392069,9999
54.580002,20.3591,111.4,55.799999,61.673935,56.622799,.97113597,15.5,63.557346,53.963181,15.1178,29.344999,39,9999,9999,41.560699,23.519899,283.957,72.073578,66.171898,76.410645,25.217978,61.779301,29.9,56.668098,45.778198,9999,51.262798,9999,9999,23.1982,16.731894,35.357201,59.443878,32.760704,9999,30.648899,48.475994,42.5686,9999,42.242001,39.599998,36.396133,9999
55.23,21.995701,116,52.599998,66.869446,79.7742,3.3052199,19.299999,68.393494,52.093037,15.7747,30.958799,39,9999,9999,44.279346,27.9834,198.987,77.840385,68.315201,86.885071,30.44729,66.990997,32.5,63.441299,53.084202,9999,59.392899,9999,9999,26.3431,16.050617,40.2425,63.563282,32.20821,9999,36.7612,53.932171,44.279701,9999,41.305,42.599998,34.1026,9999
55.880001,23.413099,121.1,49.400002,70.998543,88.388901,3.2408199,20.200001,66.213814,49.048992,16.3862,31.5277,39,9999,9999,47.863487,38.250599,162.467,81.88385,74.298103,113.02792,47.817253,68.766197,40.900002,48.566002,77.726898,9999,59.769798,9999,9999,32.496201,14.41152,41.557098,61.564415,31.706753,9999,40.1437,57.458424,38.212898,9999,41.273998,46.799999,45.867088,9999
74.139999,22.0637,125.6,50.299999,71.449081,81.594902,3.5990901,18.9,60.581715,48.454338,17.6015,33.842499,41,9999,9999,48.865887,49.726898,143.22701,85.730217,76.409302,113.04684,52.679016,71.098198,33.900002,39.088402,79.2229,9999,57.216599,9999,9999,33.492699,15.157502,41.871101,58.242214,30.944313,15.326097,38.7724,59.633541,40.337502,9999,39.334999,49.200001,58.278133,9999
61.389999,24.818701,126,46.900002,71.083549,71.1558,4.4605999,17.9,57.145355,43.449829,16.497,33.715199,41,9999,9999,48.907078,45.5592,145.35699,87.381569,72.3619,104.8212,36.489193,73.616302,33,42.841499,69.045403,9999,56.810299,9999,9999,30.6096,12.572207,38.360699,52.332684,30.837999,16.96191,30.3326,57.971516,38.641998,9999,37.080002,50.599998,46.294136,9999
118.22,22.77,122.8,40.200001,72.247086,51.8969,7.3028049,17.299999,56.583965,50.663559,14.232,34.435001,39,9999,70.687881,50.455936,42.520699,147.411,89.771111,65.675797,90.070801,36.030342,73.669197,33,34.897301,55.220409,9999,55.355598,9999,9999,33.328899,12.278856,39.725601,46.726154,28.674999,16.966982,23.7206,58.886005,33.452202,9999,32.539001,51.599998,61.831966,9999
48.540001,21.5777,126.6,40.599998,75.189911,50.255402,7.6021032,16.700001,57.689987,54.280895,13.7941,35.553501,41,9999,63.652035,50.783001,45.741001,132.119,91.580879,62.9799,79.537003,46.626999,73.8339,29.5,189.246,45.007999,89.97216,56.0191,88.035805,9999,32.400002,7.4429998,41.452599,42.19817,33.292999,14.77622,18.448,54.77,30.245001,9999,28.559,54.400002,63.261967,9999
35.73,22.914101,128,38.099998,82.339539,37.104,8.2205887,14.5,58.839493,74.103432,21.8599,36.3396,44,9999,70.995003,50.009998,40.276001,117.728,94.794067,62.436199,73.319,38.217999,73.571503,27.799999,78.217003,43.588001,77.177742,58.510799,90.481552,39.352001,33.91,10.243,42.209202,40.893967,35.042,18.403975,13.366,60.673,32.130001,9999,28.497999,59.099998,62.191093,9999
24.961,27.1514,129.60001,37.099998,90.231552,30.492001,8.3915634,16.1,63.842186,61.538837,39.218201,40.087399,41.188301,9999,75.228996,49.681,42.709,114.123,101.41494,66.933601,64.376999,28.146999,74.315498,32.400002,80.142998,46.27,82.203461,52.553398,116,47.799,36.900002,9.9940004,44.578999,46.488281,39.459999,21.624306,10.879,55.499001,34.016998,9999,33.241001,62.400002,54.805706,9999
26.893,30.3218,135.2,32.599998,96.323761,28.087,8.5527067,14.2,66.994614,104.00721,54.141998,46.488499,44.894299,9999,85.833,51.759998,37.498001,111.866,111.18034,72.627098,55.692001,19.243999,75.401299,40.799999,70.615997,58.833,84.179344,57.3899,92.400002,58.598999,39.950001,9.1999998,55.5737,58.78421,44.360001,23.305292,8.1859999,59.310001,33.698002,9999,37.993999,64.199997,57.746983,9999
28.426001,31.4529,133.2,30,97.961792,22.610001,9.2011709,12.5,66.134094,101.07057,56.143902,49.768398,47.293999,9999,83.046997,49.594002,36.570999,103.502,117.13089,83.432297,47.619999,26.844,72.769402,37.200001,55.492001,49.418999,60.453999,60.230598,63.5,67.870003,44.82,8.1789999,58.1744,67.565964,47.062,23.779854,5.6929998,59.035,44.018002,9999,40.790001,64.699997,63.891449,9999
30.749001,31.122999,131.3,28,101.60101,17.280001,21.424,13.8,68.722099,91.280617,55.151199,56.1059,54.902401,9999,85.833,47.492001,30.804001,99.286003,116.82749,94.229897,41.07,30.743,73.092499,34.799999,36.807201,53.471001,48.576,62.214802,53.700001,74.248001,44.869999,7.217,61.5424,72.755821,49.970001,24.149206,4.6100001,57.518002,35.841,30.151821,43.737999,65.099998,45.904408,9999
32.550999,29.316999,129,30.700001,101.71928,14.58,21.221001,23.285999,69.234215,83.731735,55.305698,59.998402,57.7939,9999,74.730003,45.723,23.923,98.174004,116.16577,99.194099,32.769001,23.931999,71.341904,31.4,37.3634,46.557999,43.023998,63.312199,51.900002,75.206001,44.23,6.8629999,65.4076,73.064896,51.258999,24.6798,3.6730001,55.297001,37.921001,24.36603,43.846001,65.199997,45.904076,9999
31.676001,25.908001,124.3,31.799999,96.317909,12.78,20.393999,25.263,64.388,79.528038,52.215099,61.424999,58.8666,9999,67.172997,50.365002,72.485001,93.413002,113.44761,104.8312,29.620001,19.740999,65.764999,27.9,34.521801,48.698002,42.563999,58.7155,51.519001,76.704002,43.18,8.6800003,64.249496,70.920799,53.591999,24.982,4.6420002,56.935001,44.292999,28.892,43.266998,63.5,34.848324,9999
34.146999,23.754,119.2,38.900002,95.164558,12.12,20.438,5.4039998,72.40181,73.823997,46.826801,61.347401,59.534698,9999,64.060997,50.319,55.203999,94.447998,110.35483,116.0459,33.636002,21.007999,62.665001,26.799999,36.821201,58.280998,38.562,55.6157,143.94901,101.523,44.650002,13.817,62.306,68.30899,55.839001,23.687,10.67,54.282001,30.297001,46.536999,40.929001,61.299999,30.655001,9999
38.917,22.587999,115.4,44.5,91.369148,13.28,21.608999,19.065001,67.055084,72.398003,44.054699,60.496498,60.1394,9999,66.667999,51.353001,45.208,88.242996,109.35683,129.0302,34.362999,19.479,58.565399,27.9,41.084599,52.834999,39.233002,55.405602,100.744,102.992,42.18,15.759,60.803902,60.5061,52.576,23.690001,20.006001,55.639,52.089802,60.976002,39.431,59.099998,29.563999,9999
40.833,19.559,109.6,62.198002,82.126869,13.15,22.708,17.709,60.399979,71.686996,42.4547,58.882401,59.0658,9999,61.137001,55.004002,87.436996,77.146004,104.88659,135.64729,32.518002,18.191999,52.0653,28.36047,44.909,58.598,36.275002,54.1931,62.148998,86.702003,39.639999,16.087,57.8153,50.3479,52.109001,26.226999,21.965,56.721001,51.318001,43.73,36.734001,55.599998,27.700001,24.754999
48.007,17.177,108.2,67.331001,82.659142,14.348,24.252001,41.095001,58.385967,79.146004,40.923599,58.343899,57.936501,3.5575283,59.310001,59.018002,73.702003,81.046997,104.53447,144.44341,38.064999,37.314999,49.4398,27.42281,43.841,59.261002,37.036999,57.380199,48.984001,93.148003,38.044998,16.625,54.0495,51.897099,50.943001,30.125999,24.577999,56.467999,75.509003,36.689999,33.999001,54.799999,30.729,25.42
147.203,15.062,105.4,76.095001,80.553993,15.045,25.552999,47.546001,58.249542,85.776001,40.179501,60.257999,59.703499,3.4686358,58.991001,62.553001,32.223999,87.127998,101.64529,154.2849,43.047001,39.866001,48.784302,34.206337,45.463001,64.714996,41.425999,60.043701,41.353001,96.351997,31.801001,16.444,51.249901,49.805698,57.507999,29.778999,30.07,55.933998,71.505997,33.580002,34.215,57.200001,48.176998,27.711
125.162,13.208,101.7,71.514,76.561829,12.573,26.417999,52.535,56.647194,97.095001,42.748199,64.412697,63.308899,3.740046,59.830002,62.189999,29.716999,89.542,100.15687,160.0697,45.077,42.132999,49.978199,42.046791,49.375999,71.115997,46.237,63.897301,28.334,81.564003,31.514,19.101999,47.7117,49.273102,56.681,32.150002,27.046,55.021,65.160004,29.379999,35.397999,59.900002,56.028999,29.834999
117.878,11.942,97.199997,68.025002,72.600716,10.314,26,41.481998,53.598701,96.512001,42.641602,65.939102,64.987701,1.925,63.071999,62.592999,51.327999,88.181999,99.695488,168.92461,45.696999,38.905998,50.283199,43.610256,46.737999,71.600998,45.012001,67.099503,20.827999,62.928001,30.733,21.603001,45.365501,48.452702,57.574001,33.445999,24.396,53.838001,57.158001,24.798,38.390999,61.200001,41.783001,29.363001
80.281998,10.891,95.099998,66.969002,71.608154,7.04,25.91,38.533001,45.358696,98.263,39.929699,67.383003,67.346497,1.709,65.292,62.227001,42.612,85.175003,101.50091,174.2932,42.068001,36.841,49.798599,42.333267,40.359001,65.709999,46.473999,72.2491,16.660999,37.341999,29.636999,24.917,42.430199,48.688499,54.639999,34.068001,25.458,52.421001,50.195999,17.740999,39.591999,61.599998,34.912998,28.669001
70.792999,9.9589996,91.5,64.598999,70.255272,5.0219998,25.174,35.969002,41.022396,85.924004,38.111698,64.610802,66.704697,1.4170001,68.450996,59.667,35.848,77.473999,102.11857,174.03329,40.588001,35.777,45.194,53.311707,32.539001,58.798,47.098,73.679398,9.8909998,25.830999,28.030001,27.042999,39.0639,43.596001,48.25,33.297001,24.381001,48.563999,44.224998,14.801,40.515999,62,25.658001,30.247999
62.132999,9.6879997,87.300003,63.025002,66.518257,3.901,28.708,32.662998,34.063896,85.789001,33.904099,64.5355,63.994202,1.1900001,69.171997,57.498001,38.120998,70.685997,99.296181,172.80901,40.088001,35.528999,42.981201,50.308575,28.528999,51.575001,44.428001,72.727997,7.158,17.115,24.326,26.346001,35.764599,38.896702,44.494999,32.157001,22.993,45.782001,37.758999,12.267,41.547001,62.599998,26.364,32.209999
53.813999,11.753,93.199997,61.419998,71.114082,4.9159999,26.715,65.245003,42.173855,66.761002,32.560699,68.778297,65.522202,.991,72.696999,57.292,34.224998,70.150002,106.164,180.71471,39.799999,40.605,54.686699,48.091686,26.076,52.431999,46.558998,75.642502,6.4949999,12.056,24.045,25.856001,39.712002,37.497799,44.571999,33.353001,22.450001,43.287998,40.889,13.23,49.327,67.699997,20.311001,31.045
55.396999,16.653999,100.2,64.702003,83.301407,5.8449998,33.985001,68.999001,41.780159,69.449997,41.531399,83.038902,72.990097,.662,81.272003,55.256001,29.997,72.468002,116.61,198.70261,50.835999,41.667,56.766998,42.839584,26.400999,52.401001,49.701,87.799103,8.698,13.989,26.995001,28.791,53.261299,40.732399,42.764999,36.710999,26.778999,42.93,48.471001,23.99,63.193001,82.300003,27.573999,36.169998
43.453999,20.395,100.3,61.32,83.953178,8.6070004,33.342999,72.453003,42.599998,69.589996,46.904701,85.256897,82.381599,.61799997,81.452003,51.591999,26.363001,68.940002,119.198,205.6931,49.560001,40.154999,59.246799,42.306,23.681999,50.195999,53.748001,100.2145,9.0979996,8.4259996,31.184999,28.275,60.515301,38.102501,41.144001,36.889999,26.900999,38.765999,45.145,28.867001,74.273003,91.199997,37.706001,37.285999
38.935001,24.069,103.5,59.34,81.777931,11.127,33.183998,62.860001,46.099998,72.830002,48.271198,87.834396,79.801003,.57300001,90.709,51.556999,23.106001,67.098,119.692,219.0945,50.028999,41.167,61.695599,28.843,20.719999,48.806,54.779999,114.4031,8.6409998,5.3400002,34.742001,31.700001,69.850403,37.1731,41.544998,38.342999,28.132,42.480999,40.077,26.481001,79.974998,95.800003,52.476002,36.185001
40.436001,27.535999,104.8,59.849998,85.40522,11.939,33.825001,65.227997,44.900002,69.862,53.622501,90.603996,81.135399,.54299998,94.400002,50.678001,22.955,66.788002,126.493,226.0928,51.646,40.814999,66.213898,29.993999,19.216999,49.157001,54.472,129.0351,8.5509996,3.0120001,37.408001,32.409,86.306801,37.5149,42.210999,39.205002,28.445,42.52,37.959999,32.445999,83.161003,100,58.445,38.330002
43.495998,30.497,105.5,57.23,86.129089,12.784,36.438,67.102997,44,79.811996,56.229198,93.4132,78.716904,.51700002,94.760002,50.312,24.884001,65.93,132.455,229.6261,52.999001,44.066002,67.655701,30.351,18.393999,47.144001,56.859001,131.42979,9.0670004,2.1270001,40.355999,34.93,95.782204,40.2248,41.566002,38.895,38.167,45.627998,32.122002,35.631001,84.155998,100.7,85.399002,41.412998
44.696999,34.027,107,58.459999,85.579414,15.02,39.307999,47.976002,44.299999,80.874001,59.825901,94.888702,75.669403,.064999998,98.605003,49.901001,24.645,64.723999,135.366,233.5278,52.675999,47.092999,67.846802,29.858999,19.565001,43.425999,51.130001,132.9407,11.2,1.541,43.252998,36.5,100.7005,44.998199,41.608002,37.487999,35.389999,50.733002,31.346001,63.665001,86.060997,102.6,84.897003,43.641998
52.563,37.699001,105.2,67.540001,91.192307,17.375,40.782001,53.278999,39.799999,83.753998,63.641701,95.579697,72.207001,.061999999,96.344002,49.965,27.013,63.029999,135.28,228.3968,53.574001,50.973,64.632103,34.543999,22.865999,39.688,51.056,131.1792,13.541,5.6680002,52.650002,37.493,99.303001,43.738701,41.657001,35.941002,36.671001,52.401001,29.006001,70.259003,86.720001,100.1,129.76199,46.117001
53.060001,40.507999,105,73.419998,91.732605,21.101,49.720001,66.906998,37.200001,91.585999,63.176399,97.956802,69.276802,.059,96.497002,47.633999,27.955,61.564999,134.784,232.5199,51.890999,55.002998,61.9277,38.125999,23.705999,37.375999,54.129002,131.50571,14.242,12.676,53.740002,38.066002,99.166298,42.255402,40.483002,35.363998,37.306999,58.908001,30.033001,71.809998,86.775002,105.2,138.40401,47.880001
57.028,41.074001,102,83.669998,88.84124,23.652,53.903,66.726997,35.900002,97.800003,61.167198,98.132103,64.6577,.055,91.844002,47.584,29.396,59.641998,134.13499,231.41611,50.049999,52.521,56.940899,38.636002,24.747999,38.130001,50.444,126.1434,16.325001,16.532,56.259998,37.348999,98.556602,40.730999,41.205002,34.458,41.777,67.098999,29.667,66.735001,86.314003,104.6,133.61,46.620998
85.246002,41.639999,99.900002,86.610001,88.831856,25.798,55.577,71.651001,34,87.948997,59.778599,97.781502,61.2715,.052000001,86.196999,46.521999,30.423,59.948002,134.39999,232.5092,51.186001,52.202,52.420399,39.658001,25.729,37.146999,48.234001,121.4814,16.169001,17.639,59.099998,37.556,97.514297,38.908699,39.234001,33.831001,37.91,72.907997,29.211,56.905998,85.775002,105.4,175.313,43.798
89.839996,46.605,97.699997,92.57,86.820557,28.33,59.441002,72.704002,33.599998,80.092003,59.533401,97.459099,58.924999,.26699999,82.904999,75.040001,30.563,59.091999,134.563,234.85921,52.421001,41.327,48.529202,40.880001,26.527,36.973,45.210999,116.6078,17.275999,21.558001,64.589996,39.969002,95.537003,34.897999,39.792999,32.612,38.627998,67.296997,33.904999,48.327,85.242996,106.8,205.99001,40.993
103.816,57.332001,112.8,98.709999,117.45953,32.380001,69.035004,91.156998,42.099998,86.222,69.519302,115.0422,68.724197,.99699998,95.223,88.427002,39.747002,71.106003,155.812,253.9057,62.007,45.837002,54.342899,41.400002,34.764999,51.644001,56.584999,135.1861,22.992001,30.997,75.730003,46.431999,119.9507,39.6647,42.381001,31.958,50.323002,77.708,41.801998,58.716,104.47,128.10001,336.54501,41.319
81.042999,70.011002,108.44,85.010002,70.550003,36.448002,70.147003,80.366997,40.487,89.903,73.247002,115.59,68.077003,1.938,86.367996,83.487,41.139999,67.800003,145.735,216.13499,63.266998,44.861,50.431,41.640999,35.249001,57.005001,53.014,123.878,21.028999,28.615,73.809998,48.955002,132.547,40.66,19.938999,30.086,58.511002,79.727997,42.576,48.917,186.795,118.401,254.242,39.237
84.462997,58.047001,92.459999,79.099998,60.610001,37.907001,75.453003,70.269997,34.077,88.533997,74.033997,96.779999,64.997002,4.276,75.300003,82.172997,40.140999,60.470001,138.27901,215.90601,60.181,43.984001,48.345001,36.111,33.994999,57.389,48.785999,111.232,19.288,23.816,76.239998,51.179001,109.218,36.91,17.586,29.483,60.349998,82.931999,35.245998,77.717003,141.244,112.818,164.423,34.923
155.411,48.973,103.121,83.029999,61.34,39.415001,82.014,71.330002,33.589001,95.93,77.302002,98.470001,62.877998,6.3280001,72.966003,81.231003,39.601002,61.613998,134.57899,239.97099,64.320999,45.143002,45.098,44.212002,32.952,56.484001,49.717999,97.733002,18.503,26.235001,73.362999,52.297001,107.26,31.461,19.882,29.044001,61.124001,82.518997,33.106998,82.329002,138.644,114.756,138.461,34.417
