-.65307939,-.065290689,-.18516481,-.6755209,-.15712672,-.40089676,1.510125,.22542162,-.27427435,-.64807218,-.35123736,-.055001847,-.16056424,-.47218996,-.33703101,.12120631,-.70437318,-.84280932,-.25639671,.0021148471,-.51364166,-.20958845,.044346116,-.36019862,-.612818,2.5369933,-.47230697,.87139785,-.23881125,-.67952907,6.938026,-.30417195,1.1835406,-.47996569,-.32881579,-.31733087,.52444726,-.25419813,-.41580927,-.2802591,.19240671,-.17425895,-.010110359,-.45641267
-.59965652,-.27662429,-.35172355,-.42014688,-.34918481,-.2196957,-.27521294,5.2782984,-.21152449,-.67050833,-.38973787,-.39034382,-.32048893,-.62946296,-.34803718,-.27203602,-.74737608,-.87298775,-.39626038,-.35854539,-.51364166,-.39712813,-.21952492,-.34109858,-.80102324,1.0740081,-.48338497,-.3256174,-.68728513,-.67952907,2.2018051,-.32422656,.68940663,-.42454052,-.51094973,-.44246134,-.54677373,-.2644341,-.51016784,-.2802591,-.28572336,-.49928087,4.907589,-.48046941
-.74771172,-.32370916,-.38403863,-.52755708,-.37590116,-.58964241,-.62828362,3.4946759,-.45105278,-.77513802,-.40555844,-.41953105,-.31396624,-.68798941,-.33638275,-.17612743,-.74737608,-.86583149,-.36962977,-.41500878,-.51364166,-.2778438,-.31486231,-.30881405,-.82959515,.88399976,-.50355828,-.4724946,-.74639624,-.66322303,.71093094,-.36450252,.76546139,-.44850823,-.42914084,-.44496095,-.29400709,-.25405005,-.47222212,-.2802591,-.32140931,-.50661403,6.2951884,-.49127504
-.71128201,-.35952467,-.42852744,-.51750904,-.53272527,-.51506394,-.58669531,3.1846082,-.40870321,-.7739659,-.36297742,-.43339044,-.33910874,-.68798941,-.24162319,-.51410681,-.70290101,-.84946185,-.32465261,-.3196336,-.51364166,-.43730861,-.4198136,-.35803202,-.74394065,.051463947,-.51061827,-.5377115,-.49711907,-.67952907,-.36623347,-.2589094,-.079156846,-.50975454,-.48465633,-.41102386,-.00767599,-.27656767,.33398864,-.2802591,-.35227168,-.55181354,1.536501,-.48612422
.17407216,-.3289144,-.42322406,-.60408121,-.49117148,-.25849253,.90831661,1.3542076,.026963679,-.46052063,-.20260675,-.16713287,-.23688358,-.6266157,-.34380943,-.31092757,-.60061508,-.86381221,-.25227731,1.7301892,-.51364166,-.38083524,-.35698414,-.2650938,-.53238428,-.0155341,-.39085373,-.59040785,1.383675,-.66110122,-.087287374,.46964508,-.23624377,-.36620924,-.45770076,.031884082,.67802668,-.2638438,-.1805688,-.2802591,-.015571246,-.19853073,-.2605212,-.47427806
-.6239059,-.35451442,-.4558,-.72923708,-.59477323,-.55009353,-.13004972,-.69513988,-.087495618,-.70264918,-.0038795986,-.30890062,-.27755839,-.68798941,-.32420924,-.46535659,-.55283886,-.83776224,-.34923315,.4668746,-.51364166,-.54403323,-.38056937,-.15149862,-.78417265,-.055025056,.22302382,-.7976175,.37230521,-.67952907,-.50576168,-.12831779,-.20930119,-.088162504,-.45847136,-.11567506,-.42196602,-.26391822,-.35529074,-.2802591,-.29357365,-.44108981,.41309533,-.41805205
-.7688998,-.37993944,-.42411506,-.44544917,-.4834061,-.5535022,-.62735397,-.63115096,-.33408067,-.70374089,-.084007174,-.45953152,-.36218727,-.68798941,-.36514291,-.49961767,-.74737608,-.88134968,-.39526179,-.3030107,-.46795893,-.19997606,-.43421263,-.2958709,-.70623696,.061604213,-.11077122,-.79800743,-.47266737,-.67952907,-.45926401,-.32811078,.030551834,-.43799469,-.49216142,-.36972308,-.66432309,-.25150844,-.5447818,-.2802591,-.43561593,-.55864459,.027376069,-.48569587
-.59827662,-.34138331,-.4594903,-.57647103,-.61265987,-.72487807,-.66078591,-.80182207,-.49142283,-.72736496,-.3401556,-.44162196,-.36208507,-.68798941,-.38318503,-.58324045,-.70570147,-.85893977,-.38696274,-.23162618,-.51364166,-.12216295,-.42590076,-.3621535,-.27683109,-.13011636,-.40578496,-.55666828,-.61467797,-.67952907,-.5337013,-.33751774,-.14318271,-.40714115,-.46318752,-.44615978,-.61581689,-.26572838,-.5784682,-.27390099,-.43800178,-.59289724,-.16792852,-.49127504
-.71491694,-.36819243,-.46429163,-.56262451,-.55717951,-.45944133,-.73898208,-.60965627,-.51050025,-.74058956,-.41925129,-.45997608,-.36446038,-.68798941,-.30890891,-.55921304,-.70388335,-.85796207,-.42417985,-.30700827,-.51364166,-.32372779,-.39493832,-.41068476,-.68005735,-.20101696,-.48743483,-.47075897,-.72083473,-.67952907,-.57005239,-.34103414,-.24278045,-.52605718,-.57485902,-.44480851,-.48100448,-.27656767,-.39805222,-.2802591,-.46603066,-.67704225,.67380148,-.4812009
-.64065289,-.34278262,-.41538522,-.81701589,-.48639864,-.37250811,-.72792757,-.40100682,-.48971671,-.78201461,-.40488973,-.46943808,-.37547094,-.68798941,-.34096694,-.63689721,-.65657288,-.85693562,-.40722188,-.36594269,-.51364166,-.39356026,-.4389466,-.39675927,-.19450869,-.26736838,-.52657425,-.56985575,-.77053332,-.67952907,-.5415222,-.35960284,-.19537704,-.37882867,-.49776268,-.47713298,-.43426087,-.27656767,-.39284733,-.26640564,-.44252998,-.66246247,-.45011556,-.49127504
-.59567106,-.33347121,-.43697801,-.35991797,-.54285747,-.34975666,-.74345028,-.85832196,-.37570471,-.73482019,-.40594494,-.52145046,-.38514403,-.63521522,-.41752687,-.62348944,-.74737608,-.85872936,-.42949027,-.38803551,-.51364166,.057787288,-.45770583,-.31205079,.16064781,-.23216097,-.50467747,-.12689717,-.81814098,-.67952907,-.63767552,-.35996282,-.17217316,-.49639633,-.5895068,-.44586906,-.47438863,-.27656767,-.57741576,-.27384132,-.49275324,-.64814216,-.68162566,-.49127504
-.49633065,-.33955801,-.39661327,-.31525773,-.38028869,-.72017056,-.32556915,-.79590327,-.37355936,-.615381,-.37869689,-.39605558,-.31828928,-.63437527,-.36417678,-.47728142,-.66190553,-.85836935,-.16672692,-.27877679,-.51364166,1.651545,-.44350028,-.38575009,-.39862368,-.25996983,-.51972216,.17371359,-.69692361,-.66343105,-.57233298,-.32760704,-.025105208,-.48034957,-.33043808,-.47713298,-.30276534,-.19876152,.3082813,-.2802591,-.35407168,-.48352352,-.3466951,-.48137635
-.64404064,-.32839453,-.4044753,-.66666245,-.42703146,-.64504099,-.57491875,-.72224987,-.34662667,-.66768575,-.34847781,-.38039002,-.2985236,-.57571179,-.20339021,-.40055561,-.74737608,-.84926641,-.18145822,-.3511205,-.51364166,1.8502753,-.42616853,-.41031539,-.89322126,-.31573924,-.48582557,-.34655192,-.66025299,-.67952907,-.45400041,-.34518608,-.1480515,-.36512581,-.4388023,-.41061866,-.41765991,-.25329053,1.341032,-.2802591,-.30158994,-.40076801,-.73429096,-.48609263
-.4195475,-.36004746,-.3881788,-.37211296,-.3081781,-.71437538,-.59936059,-.4199867,-.36937511,-.73961526,-.37745774,-.43082848,-.32857636,-.6327371,-.29820421,-.43619794,-.70333505,-.87345552,-.37223482,-.33919176,-.51364166,2.8552971,-.41391921,-.33274439,-.67353576,-.24137831,-.51900452,-.54064929,-.72568905,-.67952907,-.52420121,-.3549968,-.067269266,-.39950281,-.45601454,-.41166899,-.25797871,-.27656767,.16106476,-.2802591,-.34229821,-.47181654,.62599516,-.48617446
1.8557473,.044814713,4.9915113,2.1931317,1.6166308,3.8521261,.065562934,.28283045,2.3383133,.224334,.25955781,2.4024572,2.0817175,-.58030069,2.4077706,.98872322,-.74737608,-.82749867,.8553195,.39786917,-.51364166,5.7265258,2.7619605,.39764708,2.084168,.23660201,2.6883249,1.1222606,2.0335324,-.67952907,1.2803988,-.30428994,.83143324,.92060637,2.1279411,-.44523507,1.4132658,-.16493875,1.994132,-.24751943,1.931428,1.6123475,.32027188,-.48133385
1.8845007,.61239618,4.0989871,1.3190997,2.0147471,2.8955843,-.064911246,-.37648726,3.3557413,.58714902,-.0802164,3.5884376,3.4720435,-.63420367,4.1350646,1.3145849,-.70450407,-.71997261,2.8457208,.056048341,-.43233094,2.6890492,3.031296,1.2927065,.62373424,-.054735068,3.7922263,1.3015038,3.9084458,-.67952907,.91251123,-.32748899,.72535563,2.1182997,3.4389088,-.41340664,2.0435889,-.087005191,6.4032016,-.2410143,3.3020744,2.8129916,-.27842107,-.47637948
.90081692,.42817137,2.5734572,.80516857,1.6869683,1.4793609,-.10880543,-.18189308,2.646529,.7246325,-.1431089,2.9740603,2.8998475,-.63322914,3.7209685,.83181989,-.57278073,-.8109349,2.2691956,.090183802,-.47224963,6.4028406,2.2688031,1.0411533,.43424234,.1287377,.57628125,2.854542,2.9470992,-.56443411,.65700394,-.33152884,.70675963,1.2429074,2.1006644,-.34737092,1.9790491,-.23115656,4.4325647,-.22698458,2.9292719,2.3201454,-.1988242,-.48116475
3.6421771,.48409769,5.1005392,3.7818496,3.1636066,3.0455203,.096580043,.58189374,4.0588427,-.10527514,.8352679,3.7804978,3.8451343,-.63208449,3.5219107,.84096354,-.74737608,-.46600473,3.0937538,.18220469,-.51364166,2.3931994,2.2716744,1.2553954,2.8154507,.052545249,.53437334,2.1399336,2.9644589,-.66274327,.23816635,-.3356486,1.3419844,2.9422607,2.9673092,-.47713298,1.5535991,-.23020735,4.262403,-.069505252,3.0321717,2.9039769,.29959771,-.48095343
.83701777,1.9034795,4.5838466,.78485382,3.3524129,1.0467224,-.045854259,-.77079839,3.1220808,-.13713057,2.1207652,6.8940558,5.0525432,-.62873095,3.7103844,.90800852,-.70014179,-.41569006,3.3045998,.22071077,-.42405751,.97648662,3.3482831,.54972786,2.4141252,-.06802652,1.0316739,3.6774898,1.8641063,-.64394361,.08118093,-.34921014,.87925863,2.8802094,4.3737636,-.44202772,1.57647,-.20285572,2.9550948,1.2691017,3.9600313,3.7762339,-.79586428,-.48580465
.7008155,.31180498,1.129433,.13044137,.54723847,.30787191,-.041296508,-.49400377,3.0802088,-.43550494,.66818833,1.2882802,.77678382,-.62724459,1.7097549,.13321429,-.65053791,-.79456061,.65049553,.065281212,-.51364166,1.0728192,.47582144,-.10994694,1.3529631,-.14209151,1.2131011,.2264352,.85604286,-.66129005,-.21506102,-.29134801,.53543174,.63915354,1.0248804,-.47713298,.58160889,-.23878722,.4981252,.34025633,.48127717,.68743563,-.56732845,-.48566744
-.34181422,-.28064194,-.054323051,-.12040115,-.28141627,-.12697984,-.51471645,-.6988157,.28229764,-.6089223,.037271947,.29017973,.091147646,-.68798941,.12267467,-.052642625,-.74737608,-.81236547,.0960287,-.17654915,-.51364166,.80881774,-.15050071,-.19692591,-.21648227,-.33762708,1.8539662,-.39100721,.13318974,-.67952907,-.38717413,-.33335245,-.31218222,-.17934154,-.038640436,-.44137886,-.66475713,-.25154287,.57945615,.18947065,.056899343,.050143927,-.64421469,-.49127504
-.30290046,-.23546289,-.15090255,-.45711038,-.37810132,-.019032829,-.52885479,-.55436307,-.15609755,-.6820069,.029721577,-.062217727,-.026246285,-.68798941,.063598476,-.41213307,-.74737608,-.88134968,-.10492439,-.1599135,-.51364166,-.38763329,-.26273021,-.30954775,-.028084777,-.27997041,.28413212,-.43844506,-.47169504,-.67952907,-.48517162,-.34129426,-.17793405,-.094325259,-.068030789,-.2853359,-.72171652,-.24300732,-.061369814,-.16214408,-.14524217,-.25500226,-.80894125,-.47633132
-.43276289,-.33067468,-.24349053,-.42099866,-.39337036,-.5555442,-.47790152,-.9786886,-.41914162,-.68390673,-.33087024,-.17657505,-.23954086,-.58783877,-.19535311,-.474015,-.74737608,-.87419522,-.20794886,-.26186737,-.51364166,-.12587784,-.34296748,-.39998943,-.38352525,-.47661287,-.30921745,-.53480899,-.56150222,-.67952907,-.44061995,-.35588747,-.51475286,-.4557665,-.34753799,-.47713298,-.67486441,-.25580466,.16180852,-.25590077,-.17884853,-.33932287,-.94210774,-.49127504
-.33860114,-.30899438,-.00042875559,-.41606891,-.40881303,-.074538551,-.63612783,-.97810811,-.30741584,-.71435905,-.30443382,-.11829317,-.18912181,-.5361973,-.23459414,-.62770665,-.74737608,-.84520423,-.23503892,-.37016854,-.51364166,.24792789,-.33489677,-.31664726,-.71766573,-.30421826,-.040792871,-.46338919,-.63379234,-.67952907,-.59981114,-.35579765,-.34099656,-.35362282,-.31784964,-.47713298,-.58346987,-.26607794,-.15483093,-.24949375,-.33124745,-.46272823,-.81723887,-.49127504
.16405028,-.31389689,-.2475616,.53907222,-.45881128,-.43012637,-.4521023,-.83332253,-.31258133,-.61870217,-.3736636,-.30794495,-.28696072,-.68798941,-.29324833,-.46604997,-.71134663,-.842601,-.34152099,-.27368331,-.51364166,.65077996,-.38782626,-.34925154,-.46273816,-.22633745,-.41779962,-.53390902,-.6377089,-.66595709,-.42980462,-.35283777,-.29809594,-.38659772,-.39535862,-.45035535,-.64550358,-.26719666,-.50277853,-.25827169,-.36705402,-.48405218,-.77478009,-.49127504
-.42745414,-.29043436,-.30205649,-.53194726,-.41999212,-.17167397,-.5443536,-.93493116,-.31471696,-.67010546,-.32905972,-.12098034,-.28148565,-.64327592,-.33903942,-.52998096,-.71173543,-.83024228,-.2898781,-.34193721,-.51364166,-.4663294,-.41688216,-.3710337,-.71289015,-.35459664,-.25592089,-.50704157,-.60878128,-.65267801,-.62946326,-.35296363,.36314672,-.439399,-.39745358,-.45064428,-.4737269,-.25802788,-.37295583,-.26938403,-.34555122,-.50847685,-.83175969,-.48714736
-.62876749,-.33840853,-.31783393,-.47007486,-.54035294,-.51469916,-.5017978,-.89464277,-.34237993,-.70581406,-.34532359,-.34305245,-.31306383,-.64610314,-.35892436,-.6448729,-.58044058,-.85741174,-.33475664,-.3924796,-.51364166,-.04984992,-.39726186,-.34486854,-.9137038,-.37259167,-.22515453,-.38676548,-.70603549,-.67952907,-.55021715,-.35729632,-.23218694,-.44586465,-.40959704,-.45231915,-.76134306,-.2678839,-.56708026,-.27007166,-.39832386,-.60621613,-.89042234,-.48740834
-.5824194,-.32912192,-.3077369,-.6615746,-.4632313,-.41350815,-.11455411,-.73653412,-.39880463,-.62518346,-.3227734,-.36178544,-.32111827,-.6114614,-.32130742,-.48017803,-.74737608,-.84854794,-.32368276,-.28176168,-.51364166,.8512066,-.36021855,-.35166731,-.88641065,-.27701586,-.33088437,-.24520382,-.5877741,-.67952907,-.60917199,-.35791951,-.34012932,-.34476501,-.39433947,-.43179706,-.73025703,-.26863486,-.5982762,-.23372683,-.32105592,-.51125413,-.61159772,-.48067811
-.079787657,-.34806171,-.35826671,-.40184212,-.47524002,.1223674,-.54029965,-.66936374,-.3907249,-.63420331,-.33648583,-.32296482,-.31826946,-.65151662,-.33866167,-.44704151,-.74737608,-.82402819,-.3492792,-.29909787,-.51364166,-.025635064,-.43523902,-.35502928,-.45640364,-.28776619,-.34614956,-.64197618,-.71207905,-.66857785,-.58429348,-.34881541,-.20323221,-.42696589,-.42305782,-.43391931,-.75786334,-.2538833,-.57815462,-.2669529,-.35158458,-.57476753,-.58206391,-.49127504
-.66165727,-.36827329,-.40485451,-.57546639,-.4357532,-.4816609,-.12424981,-.6709851,-.40450621,-.6693033,-.36431941,-.37260798,-.32647762,-.65167862,-.34508005,-.28761616,-.71843314,-.80353123,-.36503637,-.2415309,-.51364166,.93022138,-.3681953,-.38940996,-.26298946,-.20156723,-.43716362,-.78978938,-.56508678,-.67952907,-.39600259,-.34888509,-.44625601,-.40671536,-.48228294,-.47713298,-.79050314,-.26903981,-.57378721,-.267012,-.35855383,-.55129278,-.0908022,-.49127504
.49077615,-.3727465,-.3572509,1.8096927,-.47322583,.00078185293,-.25891581,-.95258963,-.42999229,-.73106605,-.32653216,-.39724338,-.34987095,-.65121615,-.35000262,-.42490089,-.74737608,-.85507983,-.34286326,-.32350272,-.51364166,-.45685983,-.40726453,-.36309302,.44614789,-.37424454,-.35526595,-.4171395,-.72747689,-.66848767,-.55391461,-.35501271,-.27058801,-.42602116,-.4611738,-.41177854,-.88424754,-.26894394,-.54765517,-.24448359,-.37129259,-.58005387,-.62447435,-.47769627
-.058319766,-.33511004,-.35392627,-.34258056,-.51461267,.55677766,-.054756463,-.48117301,-.43270198,-.73398757,-.37445208,-.37235501,-.3141672,-.65245384,-.3411358,-.51795775,-.74737608,-.86104119,-.34201804,-.12919186,-.48678118,-.35662764,-.42853147,-.35678846,.92022294,-.37870157,-.36678073,-.11975997,-.64266646,-.67952907,-.64414746,-.26668501,-.21581747,-.45022988,-.38917711,-.41397819,-.79455775,-.26920053,-.57151806,-.2629734,-.38201436,-.54056996,-.67901409,-.47815332
.6777727,-.33052555,-.36232376,1.3901038,-.5305804,1.6634177,.71118784,-.11395929,-.37321436,-.7764228,-.24849372,-.33363202,-.30805936,-.650365,-.31079188,-.54966336,-.68739599,-.84909618,-.3008675,.35012183,-.48520222,-.29315618,-.44664228,-.29990363,1.5032998,-.22816478,-.40036249,-.45813161,-.50520623,-.66823208,-.56555915,-.26093498,-.30950579,-.36956698,-.25619775,-.43255484,-.73443818,-.26876745,-.55947548,-.27110821,-.3177065,-.40813491,-.7564016,-.46001562
.97918099,-.37798977,-.38113394,.78324836,-.60400003,1.7203679,-.070084378,1.2832322,-.47047335,-.78334308,-.34549442,-.40451831,-.30552879,-.57829201,-.29618675,-.80736184,-.74737608,-.85000372,-.3606396,-.048880786,-.51364166,-.36988696,-.43503186,-.38059166,3.0120063,-.40425274,-.32962862,-.61681259,-.6812827,-.66854995,-.68637651,-.33619374,-.27888641,-.46848503,-.33428869,-.39048529,-.61386508,-.26898694,-.55336261,-.26247224,-.39653042,-.5451538,-.85186726,-.48789951
.47117206,-.37987903,-.37557223,-.31044948,-.44270527,.23250665,-.61610824,-.72659588,-.44737846,-.75797826,-.33201626,-.41111082,-.31549022,-.61879301,-.2123225,-.71121931,-.71979821,-.86157686,-.29875231,-.32159173,-.51364166,-.53405327,-.44797826,-.39101717,-.35391486,-.41668525,-.38659108,-.60542125,-.70930427,-.62758738,-.63180834,-.34069318,-.25639027,-.44275102,-.33873403,-.39514777,-.67882639,-.2550492,-.56538427,-.25080705,-.44533828,-.58726549,-.94210774,-.48808116
.38156497,-.34000334,-.27137637,.23236759,-.53451413,.011796728,-.42865139,-.59982812,-.44568518,-.22526661,-.34759116,-.21049482,-.27976105,-.68798941,-.23565704,-.48293731,-.74737608,-.84074318,.60260916,-.1248914,-.51364166,-.16125098,-.30984718,-.36514086,-.18694757,-.39294946,-.29938611,-.52727926,-.64567858,-.67952907,-.50206208,-.34922248,-.37686962,-.32838476,-.16034023,-.45608684,-.48493159,-.23974149,-.44774342,-.25001699,-.23575188,-.42751494,-.63524479,-.48799548
.72452432,-.35107744,-.18023072,-.096218683,-.4412367,.36160427,-.162075,-.68628877,-.37089625,-.57703906,-.19123797,.062826835,-.17765735,-.65320784,-.24557297,-.64128989,-.74737608,-.64778721,.38882905,-.054612532,-.51364166,-.21149141,-.3873536,-.21131696,-.20812806,-.27704135,-.28926039,3.1257119,-.32281119,-.65864229,-.64535373,-.34355891,5.5079274,-.26325557,-.31873056,-.39471319,-.48015898,-.262146,-.51810122,-.22527252,-.14607018,-.18540387,-.72751468,-.4880642
-.27787852,-.28895149,-.15261224,-.40547886,-.17365147,-.48292944,1.2515117,-.67206168,-.31235021,-.66974348,-.26407212,.21792041,-.092858374,1.6290156,-.26769778,-.51622188,-.66080451,-.73134643,.5622226,.59070075,-.48627651,-.32567036,-.26558709,-.2111389,-.8541258,-.1952284,-.37932557,1.0657789,-.24585533,-.66865879,-.46931005,-.28041831,5.9136562,-.39676592,-.20075697,-.13397895,-.63327843,-.12645629,-.53046095,-.23623292,.012564277,-.12954317,-.8527621,-.44782814
-.14410037,-.30675393,-.14162394,-.0048752008,-.041163076,.0043857833,1.2222975,-.60332233,-.1993178,-.62266201,-.25309265,.44104964,.011266077,2.413187,.10228703,-.51264834,-.56198239,-.55457813,.51339495,.57887143,-.42573762,-.083626099,-.1854699,-.20520945,.11515364,-.20421389,.062476158,.33775082,-.22983918,-.66788971,-.56145436,-.21111219,4.951232,-.18704781,-.090000525,.0051233303,-.40597606,-.10779877,-.5555017,-.19540496,.1164989,-.100247,-.6072728,-.39465463
2.3680828,.39842638,.95700574,2.2780702,1.9711556,2.310066,.54806864,.48378855,2.5892701,-.35236037,3.1092432,1.5259724,1.0920358,1.3220353,.9541198,.32207462,-.53576875,-.70795679,1.1175407,.44711772,-.2269754,.36140725,1.2059954,1.889959,1.6789616,-.066608436,5.0501628,1.3098288,.92441684,-.63398015,.64907932,-.33514145,2.2766016,2.2988017,1.7215716,-.27492878,.01133881,.014345855,.48364004,.25012127,1.2386149,.83072191,-.052956983,-.34773338
2.6366763,.39876795,2.5474098,2.5451796,2.9057336,1.9491913,.31987092,.90834892,5.8384299,2.8292081,5.109632,1.9966059,1.7429806,1.8435409,.83569539,.63506937,-.46317095,-.78455889,2.6176856,.38844609,-.16327791,.38229069,3.5342164,8.1175575,.68591946,-.1500092,2.1173475,3.056972,.663849,-.55105996,1.7519987,-.33996567,1.6316525,5.1356387,2.6361485,-.35039753,.48034585,.30000761,.83870286,-.15885124,2.257252,1.3814493,.99375135,-.10616994
2.1733565,1.7034677,.59456664,3.2640672,2.3963008,3.2439799,1.4286507,1.477609,1.9903277,4.2614937,4.4271135,1.0241643,2.2197981,2.2602692,1.2264556,1.5960252,.90069425,-.58046967,3.1166105,1.8393641,4.666945,.52359062,2.3265936,3.3584771,2.3806968,1.8449684,1.3130548,3.0864937,2.2517071,-.49558425,3.954783,-.32168496,.89898139,1.5598837,2.3707583,.15798585,3.4752417,-.0066754175,1.5264562,1.1771559,2.727793,2.2816014,.75877208,.056592006
3.0683279,8.1328726,.46974385,6.4345078,2.2021387,5.2273674,3.1749387,1.6691809,.50141519,6.1886096,2.3968632,1.0349219,2.472692,1.2874728,.99409461,4.7816224,4.5821085,-.76193881,2.4101257,5.4908371,7.8138556,1.1826617,3.7994103,2.4732513,1.8896664,5.1782455,.68832135,3.5682423,3.3597171,-.64530909,2.2013044,-.26973334,.86194891,2.4122443,2.3068163,.4680956,3.7715464,2.7399151,.18012673,.61599517,2.9585648,3.5978065,1.3079981,-.03887384
1.3677182,5.6912856,.79329199,1.9662993,3.871913,1.5645528,2.9632127,.03506336,1.2441503,3.5367737,2.9315844,1.6526353,3.4259262,.36119846,1.1878675,4.4175653,-.57314759,-.79390651,5.0849972,4.6894259,1.2707361,.37443301,3.3733726,3.0945189,.75644475,.95387906,1.4165702,2.4634838,3.9137506,-.5876466,.22574727,-.300574,1.2377838,4.7695403,4.3863873,.092620276,2.4682124,10.363559,.96763867,2.2130659,4.328835,4.313261,-.40267378,-.26124454
1.2549516,1.7614626,2.1900725,1.6440165,5.5960526,.39165193,5.4124732,-.14180149,1.393302,1.0847706,6.120491,2.7506647,4.0821824,.81707048,6.0294299,6.3887949,-.42746469,-.73799288,4.8217444,5.5402842,1.723717,-.1247478,4.363493,3.2018113,3.8984873,4.9532771,6.1599641,1.1575725,3.9716663,-.5740847,.38260233,-.25229818,.86534619,4.4491792,4.0838108,2.6137891,1.9714204,.46189329,.71479297,2.7030995,4.2425447,4.8514352,-.32305333,-.023515601
3.7679315,1.8798207,1.1152353,1.8920929,2.5471354,1.5541114,3.8419423,-.27789366,1.5108385,.12269985,.51191968,1.0070438,1.4227102,6.3580699,1.7858148,3.412379,1.6153604,-.7841506,1.1847321,4.2919726,2.6451995,.66899902,2.6407027,1.4006559,1.369293,6.9983621,2.3589983,.43941456,2.0236359,-.46067113,.1153397,.56346965,.30542523,1.5698067,1.5759509,8.3893461,3.6577692,-.15567605,-.15650962,1.0198059,1.4220527,1.9163011,.25712821,1.0249499
.20804067,.067525357,-.19714248,.28782576,-.043355491,-.0028561491,.25610101,-.70176655,-.08952193,-.27320015,.00093526766,-.1482649,-.11424066,-.3888745,-.047196425,-.040622529,.75127256,-.29525593,-.052036747,.1452433,-.061453599,-.24299745,.054633558,-.072598547,-.61863059,.19432129,.38027304,-.14709482,.17394164,-.53839707,-.41044387,-.21379754,-.16759349,-.0041854191,-.050367303,-.29993442,-.51481891,-.23227349,-.23240159,-.030831024,.041653644,-.034246393,-.30937895,-.3729355
.97597241,.0060176952,-.28699303,.7718125,-.2208906,-.31755611,-.005836565,-.1035208,-.32722768,-.45560029,-.060431208,-.16610719,-.19007546,-.47870815,-.0067920191,.051581986,2.3887625,-.21156667,-.15195294,-.14964202,-.38708898,-.44645977,.13618453,-.18780152,-.46041343,-.20521387,.067996092,-.33062935,-.028397987,-.50358242,-.36616424,-.24208519,-.39503297,-.03911487,-.19623615,-.17958044,-.34192151,-.25053504,-.079082884,-.17845756,-.073606052,-.12113851,-.52892083,-.30967048
-.14665046,-.21527973,-.10280826,.023293152,-.32841042,.11052389,-.26178125,1.5314504,-.25490433,.31686541,-.10757205,-.28179047,-.23604973,-.64678448,-.3125737,-.20810899,.63207239,.66108292,-.2656067,-.24434379,.66990048,-.36928469,-.052447736,-.19146904,.30938357,-.30058208,-.23634505,-.47749001,-.16656525,-.29599538,-.56915122,-.22272323,-.4596644,-.046934944,-.22447875,-.37949222,-.6391958,-.25948265,-.41997156,-.18505257,-.16586354,-.17289469,-.33197179,-.46084464
-.25399837,-.30063394,-.26706722,-.52517158,-.11626624,-.49547791,-.14778571,-.38315013,.016614409,-.51681,-.25189814,-.37005824,-.31094134,.32713851,-.30610979,-.57400393,.52858782,-.50202411,-.32343858,-.28295758,-.30705774,-.48283735,-.052631248,-.0021145353,-.66856867,-.1942286,-.33226088,-.57544059,-.23650053,-.59746778,-.54483432,-.25367054,-.45927081,-.17333743,-.29603344,.12423862,-.62306219,-.2522845,-.4969658,-.23277901,-.34735063,-.3840712,-.60486567,-.41918987
-.15218796,.58601582,-.21424289,-.42841914,.25832984,-.45777655,1.6228575,-.56545806,.021056073,-.46796757,-.23559707,-.2447855,-.2360158,2.2255666,-.29579329,.27877161,1.1166275,-.68964463,-.31098148,.83876204,.61648059,-.36922693,.052831132,-.036729116,-.52238679,.51337546,-.19613022,-.45093015,.63680333,-.59895402,-.17964773,5.3900142,-.45109946,-.11425403,-.24989173,3.3155661,.13905244,-.23682873,-.24869181,-.25694901,-.020246239,.21469758,-.65827835,.028955387
.1217868,1.0327204,-.19899942,-.31023929,.84035236,-.35329911,3.8928289,.58377713,-.022565171,-.35986787,-.3300015,-.13658367,-.24129397,1.1605344,-.21431872,-.08530283,-.057681203,-.58352625,-.28948379,1.482657,.79442811,-.45503756,.22821471,-.2112523,-.18529111,.39819396,-.30773792,-.36129475,.63371909,-.58505559,3.0431082,7.2139211,-.36847356,-.20436034,-.19885291,2.2489257,.78517824,-.25210607,-.031640612,-.25634462,.10425495,.44299841,-.31119859,-.048324078
-.17457451,.69575328,-.30154401,-.2256521,.069869213,-.34910026,2.3463168,-.50560629,-.076721124,-.35641244,-.29935375,-.22745791,-.30311361,.064924046,-.34994879,-.36627653,.35814404,-.79642409,-.33520356,.73733509,1.3734069,-.52271968,-.14868221,-.014409984,-.39232615,.032418028,-.3059614,-.1438805,.17459685,-.65573251,1.201027,4.7963448,-.53911829,-.21314354,-.19590558,.76706505,.33218279,.068478651,-.38784355,-.25134519,-.1872914,.085430041,-.55092674,.024522455
-.52572441,.18936972,-.33943456,-.44013688,-.12287335,-.62987506,2.140583,-.3303766,-.3228026,-.54388797,-.34941274,-.22482497,-.28606352,.41995424,-.36965737,-.021493463,.48269823,-.67217112,-.34274217,.36104462,.86220008,-.50560635,-.3108151,-.33064976,-.66144454,.27703628,-.24852516,-.62526804,-.022444643,-.53695726,-.40028548,3.2673457,-.51373583,-.12312897,-.19647783,1.4216127,1.1063381,-.20273668,-.39358735,-.25138724,-.26173022,-.075726196,-.79562813,.31599811
-.58760232,-.16733558,-.36972013,-.28961051,-.31784469,-.66974831,.60578972,-.53629524,-.39163393,-.47824624,-.26524383,-.096987516,-.30500689,.2078613,-.36104003,-.25012329,.5509389,-.66608614,-.38652411,-.26363429,.62520635,-.4183602,-.31995022,-.38527158,-.81130087,-.18895429,-.22806039,-.78384107,-.32544488,-.6183961,-.60327661,.59877026,-.46899515,-.30884379,-.1850446,1.1632453,.56362516,.11176812,-.52139628,-.26045126,-.33836478,-.3249498,-.59037948,.82440299
.17508534,-.27425164,-.38318837,-.48420256,-.30504,-.24140008,-.0017322031,-.98934722,-.42185539,.0040771263,-.24569799,-.2560055,-.32741213,-.12113119,-.36813876,-.38741028,.18857151,-.18136649,-.40213674,-.27807561,.098465525,-.51816195,-.36616072,-.30949092,-.75865096,-.21505465,-.36583331,-.6203016,-.30169708,-.5093261,-.65241617,.1579434,-.37200704,-.41433412,-.29603025,2.5691645,-.27452943,.00044332605,-.51150042,-.25563952,-.32709944,-.38749176,-.69229609,.013326786
-.30104569,-.16716751,-.33744565,-.34177604,-.088262968,-.54214686,-.46172088,-.68764639,-.21183829,1.678484,-.27183908,-.010967107,-.31684533,-.33719939,.70969522,-.092878543,.49533975,.74473584,-.33810574,-.33459032,.046127997,-.51757658,-.34766093,-.15829289,.016756682,-.37410748,.048713345,-.41816351,-.011041573,-.070972718,-.5606913,-.049338795,-.44705889,-.24081923,-.13958566,.58501416,-.55572265,.28099081,-.18906772,-.25181973,-.15225725,-.31933638,-.60544187,-.3545472
-.45597932,-.26665077,-.38966778,-.62713951,-.38101584,-.58343357,-.62490618,-.72657907,-.17864181,.40177262,-.21984601,-.24869925,-.34303629,-.49027464,.28921965,-.45869744,.54491425,-.2259852,-.38287699,-.34904638,-.1250768,-.54927272,-.359889,-.1637174,-.98312545,-.35635972,-.18520539,-.59874099,-.19212537,-.14524236,-.57446933,-.06516894,-.31554091,-.30427215,-.419662,-.078897305,-.53231812,.33008134,-.27718332,-.23698026,-.32056656,-.40451542,-.6981383,-.42191789
-.26663333,-.20910835,-.42047915,-.69880998,-.19662715,-.76369703,-.27126256,-.16160181,-.28439873,.38476944,-.20051888,-.24391173,-.34296879,-.27488837,-.15550442,-.47176808,6.0028334,-.58624095,-.37900534,-.32369953,-.045261383,-.45018598,-.16373451,-.23933713,-.80571121,-.21741168,-.12094799,-.72732252,-.16130945,-.5554927,-.6349085,-.094434254,-.4590688,-.35270926,-.43425113,1.6275023,-.27823442,.5541715,-.23102339,-.2802591,-.28882962,-.21867849,.1283558,-.43788591
.53068566,-.34543204,-.3643069,.021175882,-.36759335,-.18268965,-.27419084,-.48582095,-.46549922,-.46853009,-.21194483,-.34728789,-.31957093,-.15356208,-.23146656,-.18267225,.33397415,-.78737283,-.40234536,-.35819653,-.38934588,-.42440915,-.39438441,-.36561605,-.6962586,-.41619888,-.2370535,-.6446833,-.33207497,-.61781162,-.68455893,-.21244167,-.54666257,-.4946478,-.47914761,.083005361,-.22788765,.09843526,-.57488,-.26026189,-.40910327,-.44342542,.88407433,-.19146858
.49948549,-.3606725,-.11408475,-.27514142,-.39234096,-.45913637,-.3402715,-.39686793,-.42682278,-.54119557,-.29397112,-.31231496,-.37251958,-.45866373,-.34035286,-.4239949,.10565833,-.72844696,-.42412037,-.37634084,-.13806741,-.47967467,-.45499504,-.3158789,-.83499718,-.3843241,-.41484138,-.47787499,-.34848011,-.63362467,-.53283614,-.17052245,-.46419379,-.25757819,-.46638194,.043643553,-.06421268,.286028,-.54715085,-.25237113,-.43187711,-.48859584,.37844485,-.26898983
-.45180666,-.25971746,-.030079544,.53377515,-.087595597,-.43891346,-.12047789,-.27944869,-.40849614,-.35281533,-.2682111,-.18096714,-.26325956,-.28863013,-.27680948,.29621577,.048436631,-.7843504,-.3724072,-.36273873,.090091184,-.42440376,-.41269776,-.24546285,-.33196494,-.22703373,-.024193376,2.2048655,.033599664,-.61957395,-.34957868,-.14464192,-.36347663,.15473866,-.064187847,-.074939683,.60349864,.49341923,-.56212574,-.26083291,-.3304759,-.26555786,.14202566,.21656246
.17627214,-.28545699,-.33000451,-.13544144,-.48870057,-.31546146,.11676549,-.43077117,-.43976152,-.36025399,-.37037042,-.11098677,-.32818598,.43643269,-.34538317,.62477916,.55066317,-.73177749,-.36577007,-.34800923,-.13264093,-.53576338,-.30535695,-.36890534,-.04209315,-.28947365,-.35070637,.12880316,-.26028377,-.38848138,-.49938893,-.14437264,-.40443379,-.3532289,-.11070865,-.10961933,.067316629,.46296245,-.5554722,-.27554396,-.38085535,-.31288484,.7324329,.48945743
-.32963011,-.2971319,-.2859104,-.07922104,-.34489059,-.24520898,-.28303763,.3533932,-.37829065,-.35538673,-.307592,-.41761625,-.34436777,-.043843009,-.32866666,-.24453296,.72877073,-.76630926,-.38979819,-.38680685,.52101099,-.40419272,-.38196412,-.31958601,-.21591346,-.28920394,-.30217686,.24734372,-.32338902,-.42567939,-.52386832,-.25714561,-.38034913,-.34600747,-.40577823,-.047834594,-.5592953,-.1346782,-.53950149,-.25577983,-.36166659,-.42318332,3.9759779,.48244593
-.51100266,-.22346155,.060445953,.21042171,-.17095125,-.7382282,.1107299,-.71072584,-.35119641,-.45145094,-.31834477,-.40072352,-.37796709,-.033109628,-.38091823,-.20241944,2.1816118,-.73580283,-.37981102,-.35489723,1.9889013,-.60391796,-.30486885,-.32105568,-.80315566,-.11362426,-.3572644,.020061376,-.47080833,-.58121306,-.27898368,-.17985445,-.43988475,-.281645,-.44300482,-.15383542,.17713231,-.20868355,-.37849855,-.27583471,-.3501389,-.36440772,.49449039,1.1242093
-.23984678,.067539893,-.35953009,.87222564,-.44726858,-.09253262,.70029378,-.049582556,-.46834975,-.36341015,-.23478509,-.43007421,-.37630406,.54419482,-.33329517,.46177942,2.5367253,-.69429857,-.40220785,-.28063732,1.290906,-.54559183,-.42594513,-.36928177,.73217511,-.27556485,-.32954285,-.26742381,-.33491436,-.41361201,-.45457423,-.013398996,-.52478349,-.45359558,-.42411697,-.20339879,.11043725,-.22068717,-.50995421,-.27557647,-.39980707,-.20067725,.62585551,2.7469916
-.62279814,.1410009,-.37204748,-.38750085,-.45346618,-.40398276,.51737505,-.67661232,-.43223575,-.45783329,-.28404826,-.45421073,-.37285236,1.0636865,-.35236955,-.26807556,.44940335,-.56978852,-.40513858,-.28169021,.053808924,-.56681025,-.43242842,-.3396143,-.71319205,-.18483651,-.32396209,-.45299944,-.4349215,-.57219183,-.44362235,.24437024,-.56574428,-.43946275,-.49354005,-.095933467,.42183915,-.23951118,-.58997059,-.27156445,-.44171843,-.3153944,.1165734,2.947423
-.0757486,.044473834,-.276301,-.17681766,-.16679332,-.34788841,.8566907,-.21912907,-.095847465,1.5068953,-.1512095,-.28459987,-.32708251,4.7740297,-.29583737,-.13047284,.12921163,1.6012185,-.30460605,-.22134164,.012825918,-.42545122,-.33502176,-.17406991,-.25405866,-.10331278,-.25950244,-.097051494,.0010865743,.17899862,-.29044905,.22517183,-.37273178,-.10152861,-.30412373,-.1731025,1.5758911,-.040973082,-.4498353,-.25351167,-.26591206,-.020447077,.77677739,3.5391178
-.54355061,-.10402063,-.39428931,-.41257617,-.34209666,-.51127565,.15254852,-.65853524,-.41457796,-.22688858,-.22040272,-.18236899,-.33926687,1.0770869,-.11894695,-.401833,.060856838,.24006894,-.38073242,-.32833561,-.0026789745,-.50060368,-.41888592,-.40586448,-.63786739,-.25873268,-.011267313,-.10423159,-.27669141,-.56676823,-.26538196,.1879124,-.49855918,-.28400043,-.28705919,-.25465462,1.2783483,-.22985297,-.57481897,-.26655814,-.43091524,-.045733146,-.29333889,4.5703168
-.52570689,-.17902023,-.40711039,-.41842809,-.44341204,-.69110525,-.13772824,-.70435673,-.48342714,.9860543,-.25088206,-.17072196,-.38855565,1.5008034,-.33089018,-.57329386,-.30381745,1.4720271,-.37891558,-.33604011,-.036933489,-.55240721,-.43843701,-.3277438,-.49394181,-.15042031,-.2615118,-.21324651,-.21473394,-.42333257,-.52293736,-.0070862575,-.50692487,-.19168755,-.13139266,-.037586544,1.073027,-.22272988,-.5662818,-.26221329,-.40888706,-.10149693,.11076711,3.6834219
-.10927699,-.2144779,-.38351071,.58367866,-.22192161,.53496516,.015120554,-.41508651,-.41566643,1.9165307,.030102169,-.28719321,-.32791504,.94567192,-.39206117,-.48122466,.081280269,2.3545496,-.33439574,-.30996197,-.092671216,-.31528246,-.34647569,-.35379824,-.19165957,-.32096931,-.31007573,-.16264969,-.090860635,-.25590011,-.41883454,-.038730957,-.47673872,-.14894482,.53678524,-.037225392,2.3692813,-.091829263,-.52139097,-.24865296,-.33739281,.016255498,-.20907123,3.8342347
-.36229208,-.038563713,-.4063246,-.36002967,-.40287268,.63005739,.084299043,-.77035308,-.36610669,.20963371,-.149854,-.40409034,-.39602709,.42003658,-.40882543,1.106747,-.40040624,.32858384,-.40462714,-.33430672,-.18461154,-.51429898,-.45282087,-.35849595,-.23265597,-.30083051,-.35829562,-.11814958,-.24254666,-.43000987,-.46357661,-.095582791,-.46250644,-.28147092,-.32392696,.015171015,1.3479531,-.26015955,-.58981556,-.27544677,-.37470344,-.15678805,-.69795692,3.1691227
.095148921,-.18180789,-.29069531,-.56890404,-.33845389,-.29439431,.27002183,-.9004432,-.17356855,.016079545,-.19655225,-.29185954,-.31027797,.31569713,-.40182218,-.29274079,-.33136144,1.1320084,-.35873875,-.27795935,-.24052282,-.55531478,-.43699026,-.36697075,-.65361589,-.18539336,-.30284551,-.3784517,-.13657731,-.53487456,-.36377564,-.1193027,-.52410746,-.25473613,-.3631776,-.025241807,2.8691039,-.25159782,-.53453952,-.26561227,-.35858104,-.077318765,-.54578918,3.7523031
.14188688,-.14557926,-.33099553,-.41320175,-.16796866,1.7879986,-.26669538,-.82584441,-.3736465,1.9502228,.072495729,-.24197179,-.36607388,-.050387308,-.1998004,-.353071,.44844979,2.6446521,-.32396305,-.25132838,-.25849238,-.48439515,-.23799206,-.31789175,.1233319,-.19152442,-.2200774,-.33284989,-.173143,.58175105,-.37096122,-.16124575,-.49274418,-.3486653,-.31765777,-.29938161,1.2590662,-.15215705,-.53475267,-.271137,-.39814842,-.25114757,-.38674295,1.3022159
.68705308,-.26466092,-.36724406,-.51631284,-.53908014,.05822758,-.54918867,-.78540635,-.38795555,.73827207,-.23107554,-.45351461,-.38880301,-.24019633,-.41647097,-.57121116,-.42018914,1.5231708,-.37470022,-.33838516,-.31619707,-.49386197,-.28096473,-.33593646,-.48981017,-.32003191,-.48871839,.39445654,-.44321883,.015144147,-.35770649,-.25536382,-.51186907,-.31764042,-.35910431,-.34449452,-.26480457,-.12957814,-.050382286,-.27572113,-.38127938,-.46617883,-.29746297,.018556211
1.5497484,-.010975358,-.36090186,-.45729524,-.50705385,.70639861,-.24392162,-.73802078,-.35768536,.63203573,-.064064875,-.34867144,-.38081315,-.040748421,-.33443752,-.53260589,1.1645221,1.1367697,-.37191451,-.2983188,.23459929,-.48903093,-.24320541,-.3609584,-.16608091,-.31624624,-.3319442,3.1413777,-.36319023,.074961394,.06043059,-.17127331,-.26181781,-.33486405,-.43619642,.15440173,1.2431402,-.22920841,-.29255122,-.2709991,-.42824548,-.39896217,.32635331,.83727372
1.1474526,-.32520866,-.30237365,-.28371453,-.31264663,.5568608,-.53583127,-.1961451,-.38672325,.22603682,-.21017645,-.36377975,-.35348362,-.31107602,-.35410047,-.44961071,-.26668212,1.0896134,-.32650167,-.30303904,-.22874156,-.37533042,-.35322824,-.326213,-.73792571,-.26537186,-.38910073,1.2711701,-.34804377,.23715426,1.7111573,-.16024138,-.16857684,-.15376805,-.22525032,-.32083198,-.027625971,-.17498454,-.38747633,-.24817398,-.35312602,-.4387157,.2206195,-.19552208
.11387281,-.28302112,-.2542094,-.35262874,-.40730953,-.049646642,-.55004567,-.66935539,-.40403086,.24970752,-.20773476,-.37936243,-.29705071,-.031464089,-.38078251,-.44101995,.47367927,.45791951,-.34591955,-.27958027,-.12766765,-.45107433,-.18246467,-.34647036,-.65397441,-.25857377,-.34614506,.31741539,-.33196816,.076121122,1.0496695,-.20762791,-.055703651,-.29141819,-.29576656,-.17463036,-.042511404,-.21607462,-.39726922,-.26251709,-.36960515,-.49958125,-.13199072,-.13436937
-.0044674454,-.28927538,.21210627,-.36800638,-.23834807,.29980013,-.25337246,-.57810336,-.37575042,1.0159444,-.30544662,-.20309941,-.28069758,.41989279,-.3672432,-.31930792,-.027828306,1.7157547,-.1986797,-.30603725,.013624389,-.53335655,-.2321175,-.22131987,-.47491336,-.26039892,-.17770994,.26821187,.070661463,.6017859,1.4490331,-.1950786,-.16855644,-.13111167,-.22600463,.13057083,.53969556,-.25955406,-.42110282,-.26528934,-.3005079,-.3231985,.22243102,.080697782
-.22213735,-.2864269,-.28253043,-.47029337,-.34140629,.17913149,-.051979937,-.25394258,-.34875667,.51329762,-.32611316,-.37814441,-.33688867,1.0851021,-.30086339,-.39219126,-.15849575,1.1400143,-.32850367,-.26663828,.12855616,-.26862693,-.32905653,-.21548738,-.34686902,-.15933508,-.28429371,-.01661323,-.13323438,.052497044,.89472312,-.18020411,-.047565453,-.39381954,-.37134647,.13559835,1.0642384,-.26125127,-.29945144,-.25330621,-.35279733,-.34826776,1.0178858,.39874351
-.14729883,-.31042728,-.33131793,-.23752788,-.45491177,-.33611742,-.43146729,.0060271095,-.27834693,.083222061,-.26826844,-.40628338,-.32573611,-.35115799,-.36084482,.18226942,.087909982,.9473905,-.3192004,-.30106264,-.17417091,-.27076322,-.36827362,-.23909125,.22187719,-.20717372,-.16611832,-.30869114,.081733823,.92740804,.12233407,-.17133905,-.09356112,-.34907845,-.13739498,-.16673402,.063528717,-.10586929,-.1789263,-.26660526,-.36221734,-.33848098,.58187586,-.049044535
-.079024412,-.36163139,-.32696721,-.23584159,-.20267382,.37328428,-.53401238,.30075991,-.31882396,.26267552,-.29626256,-.32731855,-.30056238,-.20020509,-.36065444,-.31572789,-.17911854,1.2254965,-.32560968,-.33617193,-.23002253,-.030091248,-.31681412,-.3706668,.42878988,-.28146988,.22386846,.3000305,.034356531,1.3821845,.91988468,-.27735561,-.049529109,-.27350026,-.38805199,-.099251561,-.24450491,-.074314907,-.25305006,-.24375527,-.36373392,-.32404718,.12279169,-.11372057
4.9057736,-.17193116,-.24838158,-.11167216,-.44110063,-.1599347,-.64841884,.13033786,-.33305305,.21231569,-.32493049,-.25211957,-.32095751,-.3139047,-.34853536,-.30524871,-.53865075,2.2827303,-.25561345,-.34732211,-.42881307,-.040445898,-.34982398,-.23039952,1.2344831,-.32705376,.063135765,.17043789,-.019667089,1.0165248,.22669461,-.24222201,-.13014889,-.35986096,-.25811091,-.27768275,-.47498554,-.036148969,-.359667,-.25296396,-.22536929,-.21342449,1.0427741,-.12176835
.044331361,-.34481165,-.38690284,-.53567845,-.38599753,-.048828918,-.61186475,.73708159,-.37728697,-.23291139,-.36067331,-.18687619,-.34398982,-.45566386,-.39113489,-.085595526,-.35055265,1.7693869,-.19750267,-.34087491,-.26277095,.1079968,-.38915762,-.29889762,1.8142411,-.2875531,-.21364903,.12376856,-.024562974,.77540898,.3477442,-.093279704,-.18825814,-.30446309,-.25984862,-.24119256,.30699116,.19132312,-.4414756,-.26007855,-.3321104,-.21420193,.98272532,.10004805
-.04746978,-.34743279,-.34669808,-.1834739,-.39880881,.93425143,-.61343664,.84652966,-.38240021,-.14989486,-.29854512,-.26975778,-.35833776,-.40075058,-.39281633,.47638956,-.34034479,1.3484474,-.28886187,-.30603182,-.32064858,-.2192653,-.31505108,-.26624024,1.0070662,-.22572909,-.28688464,.23750028,-.13034402,1.1891211,.65216351,-.095454119,-.28508034,-.31356746,.035934806,-.30696991,-.062353373,-.13761829,-.42537108,-.23756602,-.34314361,-.22196473,.90884262,.018425817
-.50029176,-.24814545,-.30220085,-.34515306,-.33113655,-.075681373,-.61033136,.73546612,-.38144153,.26748937,-.24980871,-.35629237,-.33937091,-.51114088,-.32406721,.2611706,-.43725502,2.3781202,-.069446079,-.34180206,-.16608483,-.29610354,-.35452986,-.33220467,.62292993,-.25193062,-.33661494,.40169758,-.19294125,.074490376,1.180599,-.22150353,-.17226735,-.34954682,-.16223209,-.30950615,.49947384,.67669243,-.48199925,-.25875282,-.39585802,-.21898125,-.33108729,.014819612
-.32964694,-.28138727,-.28953996,-.40810585,-.17052189,.30333349,-.6672985,.87229508,-.21018149,.16971387,-.25496307,-.15811802,-.25183553,.032179877,-.3727034,.28151393,-.20067187,1.5979078,.17740718,-.26776391,-.12481359,-.2338874,-.22364761,-.19015487,1.4500078,.57733274,-.33789167,.7340346,-.091440193,.35016459,1.6308913,-.21110359,.12258299,-.23774989,-.18443576,-.31460527,-.48717502,.26377037,-.10683092,-.24272536,-.26443166,-.21185383,-.34967422,-.21585017
-.3765977,-.31093949,-.37427664,-.55134368,-.50540876,-.071516,-.53115243,-.6955753,-.33756271,-.4715896,-.37657243,-.38187435,-.3681418,-.48486757,-.39025813,.33851704,-.5045166,.40524814,-.3469502,-.31620455,-.38569576,-.54576468,-.34052402,-.30434668,.040572237,.50923878,-.42456582,-.016794859,-.2393302,.64189273,.47706234,-.23054507,-.33698449,-.40616915,-.36230668,-.35680163,-.62629765,-.18532765,-.47279006,-.24732397,-.41340387,-.38944978,-.44082484,-.27563816
-.48951939,-.33674094,-.38816825,-.4742052,-.46973556,-.56231236,-.59786999,-.014833666,-.41491267,-.29225934,-.29540458,-.42380956,-.38401833,-.49151456,-.36470762,-.27492902,-.51246399,1.2520702,-.37193659,-.37076378,-.43938628,-.51582527,-.44354123,-.28519723,-.088634059,-.2315218,-.39975813,-.30871856,-.26171035,.087378509,.53019613,-.24337919,-.40690783,-.37315926,-.30820739,-.32194152,-.19545788,.13075964,-.40091422,-.27627695,-.42824599,-.42348647,-.57844859,-.2645573
-.44806081,-.37240556,-.38406426,-.51588261,-.51104504,-.40452111,-.49024615,2.1545343,-.46238875,-.43400922,-.30289266,-.45104593,-.36814001,-.02871977,-.20652547,-.55305976,-.40580302,.93186671,-.37100527,-.38645187,-.21464564,-.34752497,-.43081814,-.37708366,.72231138,-.038448766,-.095554747,-.34965956,-.25348318,.052886453,.30105188,-.27943611,-.44766876,-.34376985,-.4036769,-.28185412,-.3913742,.071962126,-.56246364,-.2401727,-.47011679,-.36428872,-.45400566,-.26609319
-.58790046,-.30150408,-.27871504,-.56460696,-.33795679,-.37259752,-.63730091,1.6072205,-.37988254,.047591787,-.1895047,-.36506131,-.34656358,-.49273324,-.20407222,-.3111558,-.46204221,.65299624,-.40424508,-.33783311,-.19386414,-.51716632,-.39163849,-.35477075,.65373325,-.25927016,-.12027737,-.42174855,-.33311385,2.2420485,-.050171595,-.23013371,-.44553545,-.34629589,-.30995217,-.45785436,-.49817684,-.033687156,-.34164518,-.22089706,-.39936617,-.37269124,-.1791449,-.17884307
-.67794096,-.3026506,-.28306812,-.39600623,-.20742044,-.59333605,-.60301936,.94288331,-.33911189,.29085577,-.28390235,-.1383459,-.28050587,-.25183457,-.16371174,-.43028045,-.26600835,1.841361,-.29595086,-.24016719,-.41220185,-.41451985,-.20508344,-.30541396,.48386192,-.29859379,-.34234244,-.43146366,.01540619,5.5460329,-.17763513,-.19422667,-.25332919,-.34024665,-.22023647,-.31812847,-.48324457,.085123017,.31671473,-.17417879,-.22385368,-.037393507,-.5695135,.0011760612
-.50327665,-.37940815,-.34811687,-.53884923,-.46491644,-.66157752,-.65622514,.21417731,-.45928708,-.54178309,-.25115541,-.42035988,-.38786653,-.33710346,-.2554796,-.5346781,-.49565729,-.029092424,-.4151831,-.37306467,-.35450572,-.49263394,-.40792572,-.31646535,1.2737589,-.43646914,-.41511399,.13151774,-.55243331,-.17382094,-.33609393,-.2860254,-.4432072,-.37113488,-.42937481,-.39398569,-.36869279,-.14562684,-.25320601,-.17784937,-.44223157,-.53586918,.1403283,-.32931623
-.73507386,-.31021672,-.24023074,-.57191604,-.16103683,-.70882285,-.69890505,.44412783,-.23681864,-.17942716,-.35048202,-.34773293,-.37252685,-.55161685,-.32806885,-.50650495,-.44844791,.12208715,-.36146674,-.35868549,-.33325016,-.53694338,-.3308408,-.23951304,.28019488,-.45210189,-.41376957,-.28690949,-.45560908,-.31100807,-.23735209,-.25012642,-.4116841,-.23952785,-.33324242,-.27516192,-.65351063,-.11400101,-.24733594,-.17660868,-.42162913,-.4507542,-.2269329,-.28040716
-.21589629,-.34116581,-.26733133,-.56371796,-.29655865,-.66247803,-.70064938,-.33460984,-.34466112,-.48226622,-.3487308,-.34903854,-.37509614,-.51318282,-.33688354,-.33445659,-.55230498,.21757066,-.40105894,-.35467413,-.19652428,.11437224,-.41697279,-.25123328,-1.0079455,-.40874657,-.44620997,-.43791434,-.49411288,-.29112637,.02616708,-.14496221,-.41017702,-.37175342,-.42995569,-.29073021,-.76708597,-.11710939,-.48440772,-.19522722,-.41071239,-.46652648,-.64012504,-.39122483
-.46443129,-.36754358,-.31314579,-.53543758,-.43525323,-.40071636,-.75971127,-.36962914,-.17118385,-.44157159,-.33551216,-.36228314,-.3562614,-.65477771,-.30891433,-.42983064,-.64148533,-.036719278,-.41730812,-.33942816,-.41322589,-.24960575,-.34386072,-.15076503,-.20779791,-.36713701,-.43166533,-.61477256,-.43215156,-.40031219,-.34232891,-.26451111,-.49955148,-.37076205,-.50035012,-.41810822,-.82118648,-.17328706,-.33892328,-.13890025,-.43711618,-.46628028,-.90112627,-.38090226
-.75498754,-.3522054,-.40220624,-.66352087,-.51625746,-.74876153,-.71079218,-.0091163274,-.43573743,-.39333418,-.341759,-.43343073,-.40385196,-.44894612,-.38423419,-.5001865,-.39351809,.38232157,-.43819976,-.3810063,-.35876682,-.3787908,-.46154597,-.15107979,-.13362068,-.41785339,-.47838324,-.63148236,-.45916399,.33556548,-.49611536,-.2528764,-.42779672,-.40498689,-.42449531,-.23437031,-.84645951,-.23408945,-.3701922,-.25949502,-.48201099,-.5398674,-.7314173,-.43453109
-.74158102,-.36403576,-.43005022,-.58679658,-.35642198,-.67976987,-.74183524,.44810474,-.41557971,-.51596111,-.34546182,-.48966217,-.42072514,-.42785108,-.37056258,-.70817429,-.43634579,-.017211681,-.47015104,-.37272274,-.19411379,-.34557298,-.45209861,-.095434152,.43209428,-.46112934,-.45299083,-.64138722,-.71967208,-.015608727,-.12871839,-.26100743,-.48781377,-.48588187,-.44983861,-.40007874,-.81034333,-.26308486,-.51189673,-.24466968,-.51556629,-.66167498,-.86185855,-.43123889
-.5301882,-.33695287,-.36427492,-.49861902,-.54171628,-.32796013,-.61675161,.50884533,-.46548697,-.39563629,-.38814685,-.44845492,-.39478076,-.28705963,-.41458774,-.36373889,.11302332,-.08379712,-.40846369,-.38355386,-.25721174,-.48088965,-.47450179,-.26429936,-.57081741,-.38943776,-.46664938,-.13154972,-.642232,.32056639,-.14588858,-.23185515,-.47843409,-.47112486,-.4239229,-.25788867,-.68469596,-.2126293,-.43843552,-.25025511,-.44688067,-.62911195,-.67571694,-.41155794
-.6589967,-.24501482,.010426011,-.56324655,-.33752027,-.36796945,-.55293846,1.2139006,-.43225294,-.5527221,-.025317512,-.36905733,-.33970511,-.50418037,-.19233587,-.31197315,.71774632,-.22918448,-.28513259,-.38154078,-.25892389,-.40165767,-.36483687,-.20067503,-.61648989,-.40247798,-.43137297,-.15693332,-.30294919,-.10923358,-.051567007,-.21692941,-.39561293,-.48911065,-.26055008,-.096017197,-.566504,-.26386538,-.25534347,-.21320087,-.38492551,-.50440264,-.45068511,-.27351668
-.65097851,-.36080953,-.42116866,-.56326652,-.50678545,-.55664015,-.71740121,.93369401,-.42108014,-.38509035,-.26134402,-.44922769,-.40378091,-.47015485,-.39001659,-.2817218,.055679545,.16516382,-.44689837,-.40703967,.18614674,-.5162915,-.4457204,-.1487821,-.53355128,-.2179518,-.49151912,-.54493165,-.57417494,-.082696669,-.24356607,-.21225375,-.47712621,-.44046432,-.45793208,-.21903838,-.38703188,-.23705181,-.54460603,-.23721197,-.47720471,-.63528532,-.3037169,-.4133518
-.3447552,-.14552692,-.1708314,.07775832,.32535943,-.2728444,-.25988841,1.4684305,-.36814448,.41473445,-.1468458,-.29461569,-.29732305,.30236298,-.33591488,.72887808,1.070635,1.6998889,-.2883749,-.13117513,.48447099,.2058793,-.16365813,.055303574,.30648842,-.10440636,-.39421079,-.59588033,-.15649436,2.4923108,-.25686011,-.062461901,-.14920519,-.14702077,.038889561,.23401165,-.6272561,-.13968919,-.20387422,-.14522558,-.25034741,.63102281,-.3496027,-.25579
-.32669747,-.071209297,-.33562833,-.28620365,.18062918,-.30784431,-.39868802,2.738951,-.17081727,.18869841,-.32081914,-.24306954,-.32342654,.062762067,-.36557785,.80912751,1.5984151,2.2721972,-.34487304,-.24590047,.98449391,.18004777,-.2860705,.17538755,-.017902669,.13616401,-.42042539,-.4944545,-.2532793,2.2689404,-.12444577,.038478363,-.15371232,-.34421059,-.12999754,-.15691127,-.50923389,.034720652,-.21966018,-.21817662,-.30840382,.38678655,.13250116,-.24732134
-.34960026,.10795302,-.24441324,-.078623049,.29849687,.34573695,-.21334185,2.1335893,-.27948862,.38673413,-.22334129,-.064087883,-.2296275,.57822698,-.34473136,.40472126,2.1887343,2.0337763,-.25387543,-.21454971,.79149979,.23068027,-.26006621,.035631765,-.18401368,.063296877,-.21963577,-.17885937,-.18151049,2.5261641,-.252087,.31130272,.39178571,-.24550016,-.05645721,.06840802,-.2780365,-.061787371,.70957029,-.19626851,.033445403,.61868167,1.0109464,-.10341345
-.56478018,-.10367385,-.29585755,.27199167,.10952691,.057453021,-.40249559,.59444696,-.20049642,.29780072,-.29367733,-.2311046,-.32649708,-.1313592,-.37210605,.40460068,1.1674713,.88920498,-.25191793,-.24871312,.30570173,.18355389,-.15755428,-.176043,-.16574983,.038403906,-.10685398,-.58190292,-.3744576,2.2584748,-.056506112,.11683551,.70044982,-.34066001,-.10190187,-.21680157,-.31645098,-.10043181,.18899238,-.1092503,-.22319315,.37729791,.033944905,-.21001042
-.57963997,-.080864608,-.35050473,-.057087287,-.26319423,-.52669579,-.50391823,.21373652,-.15482892,.093181059,-.29264203,-.41051736,-.37559867,-.30399728,-.38620785,-.17826369,1.0184478,.40159634,-.35033068,-.34057713,-.15640992,-.19245489,-.29350251,-.14628258,-.47727433,-.28802288,-.40087155,-.65947253,-.57999027,.66854984,-.46470785,-.15615107,-.028749462,-.38122216,-.45470643,-.16215974,-.40109304,-.17246436,-.24717435,-.1186166,-.27382749,-.038122039,.29712871,-.28131419
-.64134514,-.19078547,-.33941731,-.21319643,.20851025,-.47711736,-.43902704,-.082263432,-.0083809011,-.033476584,-.25733322,-.38114202,-.36658207,-.16812818,-.38953361,-.10142057,.34950149,1.1328163,-.35447282,-.35902709,-.14380531,-.11957349,-.31212583,-.1723748,-.82460403,-.40878201,-.41817653,-.77689475,-.58458132,.23865815,-.34628609,-.051470216,-.27741078,-.31436896,-.40069482,-.22350995,-.58057177,-.23852891,-.36678869,-.20960194,-.30018273,-.13277923,.076714866,-.31625056
-.61957198,-.14264034,-.35093543,-.30778742,-.28410631,-.79161131,-.42832297,.19193999,-.32758734,-.244636,-.32656243,-.43041411,-.36972046,-.11986144,-.40737239,-.20091993,.10504541,.044957019,-.40595382,-.35518074,.016836615,-.092130117,-.36759648,-.26667151,-.65421599,-.29272091,-.42608801,-.59083265,-.63469976,.27373588,-.39355576,-.059778407,-.33614537,-.34103352,-.3831645,-.29895175,-.52888316,-.17264146,.030580871,-.20304175,-.34266955,-.16810434,.17130783,-.34010631
-.59365666,-.2162433,-.33772388,-.42226666,-.30858284,-.73626393,-.42578053,1.5025849,-.34937295,-.33723155,-.19657154,-.39907804,-.38072038,-.17280829,-.40458468,.28495204,-.072744131,.03873077,-.42569906,-.36429867,-.23548916,-.27849174,-.32977071,-.36305127,-.9979921,-.35206735,-.36050954,-.68985575,-.48443964,.14914919,-.39190462,-.14608638,-.34173533,-.40490231,-.4413279,-.28093407,-.61153072,-.26130965,-.12831166,-.12810807,-.39540088,-.23705475,1.4190857,-.39955497
-.50064367,-.24442236,-.32925171,-.35043398,-.20646657,-.80983001,-.516083,-.091341883,-.077269197,-.19061875,-.39786807,-.42691946,-.39976639,.075280488,-.40695679,.32993513,.46941286,.20311265,-.43985876,-.38815853,-.19312052,-.20940723,-.30133006,-.31405091,-.79534191,-.41335106,-.41317672,-.66717303,-.59822935,.26264268,-.41266617,-.11646453,-.43915537,-.37195009,-.37322378,-.30128968,-.66622972,-.25019443,-.40072995,-.17712562,-.40391582,-.29422879,.36599517,-.41689989
-.76918781,-.25808087,-.3430694,-.16207726,-.22306502,-.11024549,-.4923583,.47363067,-.081635393,-.43372616,-.29387328,-.4759391,-.36509946,-.19072907,-.39764971,.025662694,-.098785266,.0099548129,-.43301028,-.36668733,-.47947186,.063904583,-.28711483,-.28560853,-.52389151,-.38909823,-.42438892,-.38143581,-.60390145,.16201256,-.50210524,-.11174261,-.26880535,-.23151094,-.39534026,-.23611148,-.46815145,-.25782385,-.27251509,-.20879325,-.36786193,-.31908211,.22929636,-.40781286
-.62677604,-.27795845,-.21390083,-.10275398,-.27417395,-.57790124,-.36078218,-.56485802,-.21948206,1.1385778,-.30096,-.28039306,-.36722854,-.50032789,-.42720038,-.10062725,-.26123112,.070480369,-.29188788,-.37282282,-.44271716,-.14347737,-.38875315,-.18132877,-.75257182,-.39403704,-.46099943,-.6489163,-.55833197,.96861011,-.11927228,-.22728869,-.45009997,-.44777489,-.42577922,-.39375362,-.57146037,1.2115709,.21491979,-.23461661,-.37123239,-.19014436,-.18952383,-.42197973
-.76576561,-.29790512,-.33862528,-.57916385,-.5112347,-.68976992,-.20974948,.0032181574,-.35728416,.54773855,-.37219656,-.36967728,-.4016045,-.17477526,-.41954574,-.30510581,-.44986504,.23852925,-.46052426,-.40018517,-.23151314,-.28022337,-.41832927,-.22645357,-.94459307,-.35732457,-.48189297,-.71290076,-.4187102,.94548333,-.45840061,-.18390068,-.51182741,-.42161971,-.40163553,-.33893615,-.63472599,.1490261,.84151298,-.23486912,-.35612771,-.36414003,-.13611655,-.43097708
-.60163063,-.30469966,-.33914417,-.3608233,-.37347648,-.69056863,-.37377211,-.20731233,-.32391581,.25748444,-.2903204,-.30252281,-.37849247,-.083664931,-.40426251,-.34566933,-.41389096,.12155481,-.39013743,-.35257244,-.40822747,-.40463746,-.35540321,-.18354253,-.88255286,-.31136656,-.46175095,-.65065187,-.39529929,.57668036,-.31052965,-.12457408,-.51248491,-.28916666,-.36487952,-.39451584,-.71702296,-.045268182,.38110405,-.25764647,-.32968953,-.33199617,-.19640376,-.36682549
-.84749931,-.10320818,-.2784282,-.40752858,-.29903054,-.73978925,-.41241273,-.66021979,-.24740905,.059584931,-.37077197,-.36304864,-.34269324,-.063100971,-.36356598,-.21495959,-.019395413,.17628503,-.39925763,-.37860057,1.4847144,-.43581405,-.308281,-.20921072,.23485646,-.30472085,-.30455726,-.77392954,-.27097645,.72045666,-.43182918,-.211512,-.521896,-.22561064,-.2411004,-.33475223,-.58236033,-.0075012236,.3144868,.97652781,-.38208914,-.32153741,-.34897017,-.31821677
-.62735289,-.11695947,.1137491,-.2545467,-.29808754,-.35099417,-.24619129,.019585866,-.010937402,.55767965,-.32631263,.17262407,-.27638045,-.056098476,-.19168581,-.13821757,-.11778395,.29230759,-.31097022,-.33618295,.44162181,-.19892412,-.2427866,-.11462682,-.84076482,-.28544044,-.35097629,-.41258967,-.12521733,3.1466823,-.027009351,-.16519795,-.25851324,-.21048985,-.10888547,-.35235354,-.75090879,.1055222,1.0880065,.46255979,-.29148805,-.09456376,-.097411625,-.35516584
-.4705067,-.13033625,.66194314,-.35313395,-.1545746,-.30212659,-.36473751,-.20661774,.011852536,-.024896896,-.2748718,.073619217,-.26497823,-.00084306928,-.24599342,-.0031113399,.2567721,-.15321143,-.31182829,-.30888489,-.037526805,-.064086758,-.16924773,-.16822696,-.8095842,-.17444913,-.2003793,-.4525637,.0027467338,2.1745687,-.49486572,-.12314115,-.2668409,-.01783854,-.097601838,-.10398351,-.75579715,.31700602,1.5812402,.095773749,-.25631168,-.12184207,-.58881539,-.36440828
-.77808934,-.049369648,-.014612921,-.40945274,-.25679925,-.77954799,-.17097721,-.66579545,-.30892313,-.0093773575,-.22424398,-.26149303,-.30627915,-.025061062,-.33468232,-.17226122,-.17492835,-.013121548,-.36717281,-.31192702,.15448126,.021799432,-.20199609,-.151301,-1.1225225,-.020377491,-.40607014,-.35439706,-.12705404,1.8417546,-.45793724,.2342668,-.22823565,.18479277,-.4708648,-.31349748,-.73963606,-.081865452,.56078583,.062366311,-.28267261,-.23380782,.21675113,-.40457827
-.32257271,-.33269119,-.16569763,-.37984875,-.18483773,-.56421196,-.1697436,-.51290327,-.31799343,-.35663068,-.005400931,-.35337743,-.35248628,-.3948881,-.33822647,-.48350874,-.13994336,.056690842,-.45001099,-.33425808,-.29209319,.029164858,-.40766719,-.25844646,-.56221634,-.38939208,-.41480893,-.79923254,-.18315828,.93977469,-.6072132,.22547741,-.56969225,-.1059604,-.35345778,-.19931531,-.69937223,-.21580255,.29154956,.012018555,-.37431958,-.45071918,.57691151,-.34516498
-.69687617,-.15507169,-.32129624,-.075278983,-.267739,-.55206221,-.18821803,-.49457201,-.35550928,-.35951477,-.29685172,-.38475147,-.37262109,.46494871,-.38488367,-.17789429,-.021853793,-.11840882,-.42828926,-.33983734,-.19257033,.0025026011,-.33625573,.03209148,-.12898286,-.21531324,-.45459989,-.67506379,-.37275597,1.4339751,-.45828712,-.014774174,-.43773797,-.28145662,-.36144966,-.15360115,-.84817523,-.17592573,.35047507,-.058879461,-.38507521,-.48342538,.48055607,-.31762189
-.69870955,-.21538228,-.35466811,-.44824901,-.48488191,-.90983462,-.2113159,-.56688505,-.40092647,-.52488053,-.38896486,-.45571819,-.38504943,1.3540289,-.38539642,-.41321564,-.41226724,-.42655817,-.4567773,-.40780231,-.01426938,-.40157467,-.41986105,-.32484969,-.70930338,-.39852843,-.47304788,-.75775486,-.56249869,.31229845,-.50881916,-.14234918,-.47921813,-.42147306,-.44440046,.092142954,-.79717749,-.22676218,-.20759109,-.06845089,-.46835998,-.57244384,.021322666,-.38593271
-.83957237,-.21905632,-.34511203,-.47900048,-.47922406,-.83730716,-.24466853,-.48723194,-.28607386,-.54685968,-.35721934,-.44480434,-.38350666,-.19594081,-.39435053,-.48190445,-.60029852,-.27500036,-.44412792,-.38123918,-.3741686,-.44776183,-.43275693,-.33690411,-1.0307429,-.35900918,-.39950651,-.71432054,-.5420416,-.18090357,-.50418985,-.14757955,-.56362301,-.3482483,-.55648422,-.039891478,-.76595706,-.17455722,-.35259131,.018927446,-.47369853,-.53787267,-.33494616,-.38339522
-.54363048,.13624181,.26556012,.16132453,.13094886,-.39330831,.70340979,-.40812901,.083161816,-.31565627,.81142026,-.13935438,-.11645073,.75126588,.13288538,.24770381,.49959716,.030589731,-.22415678,-.2124774,-.3244417,-.37395334,-.098302267,.26654392,1.7688493,-.45659116,1.8051791,-.62774581,2.1581438,.99268842,-.20040964,.32988736,-.085563786,.94308144,-.13594446,1.8212575,-.84404486,-.17278218,1.037209,8.3797092,-.12718879,.026190851,1.1427194,-.31219783
-.49271274,.002657966,.029306937,.61509973,.22101291,-.73963726,.60440308,-.39239609,.12148308,1.5556439,.16302079,-.13046606,-.17391042,-.11065368,-.10156104,.035421941,1.2084242,3.7997739,-.29623607,-.30229726,-.077246949,-.27142301,-.13245144,.64320636,3.4940395,-.30454037,.48953161,-.25469217,1.14684,2.1590595,.020641616,.28111517,-.24932282,.38669604,-.37640145,1.3184681,-.54006708,-.067106709,.55720675,5.345233,-.18289445,.025583405,-.40780672,-.32472411
