8.2530203,9999,9.0694056,15.5047,5.8100028,11.63,9999,9999,5.9670196,9999,6.8013191,11.430836,5.0882969,9999,9999,7.1840801,9999,9999,13.022256,11.743822,9999,4.7076702,10.500364,6.8968611,3.5911601,9999,9999,5.5937195,15.9433,9999,9999,9999,9.0565853,7.2477021,1.9526916,9999,9999,9999,9999,9999,10.312943,2.5040932,9999,9999
8.0012999,9999,9.8576002,13.7573,5.8529353,13.38,9999,9999,5.5912538,9999,11.868178,12.153338,5.6422634,9999,9999,6.3231602,9999,9999,12.704878,10.591245,9999,3.8331399,10.127986,10.027247,3.67454,9999,9999,5.1307845,15.7138,9999,9999,9999,9.122735,7.9387093,1.9840626,9999,9999,9999,9999,9999,10.912856,2.3305461,9999,9999
9.4123898,1.4588711,9.8261518,10.2759,5.7137241,12.71,9999,9999,5.5574498,9999,11.834962,11.606023,5.6558414,9999,9999,6.4285302,9999,9999,13.324107,11.774426,9999,4.4258399,10.570309,9.6599264,3.58974,9999,9999,5.2104211,16.6327,9999,9999,9999,9.1437836,8.3784389,1.9006776,9999,9999,9999,9999,9999,10.253993,1.9963777,9999,9999
7.5142999,1.6686069,9.7478056,12.5172,5.2409773,11.74,9999,9999,5.421751,9999,10.159795,10.622289,5.5862164,9999,9999,7.2044201,9999,9999,12.631278,8.8833685,9999,6.45508,10.500972,9.7317305,3.5460999,9999,9999,5.2274928,17.0674,9999,9999,9999,9.0921278,7.6566377,1.94136,9999,9999,9999,9999,9999,8.3028574,1.97479,9999,9999
7.53021,1.5941277,10.335245,14.4688,5.9922118,12.61,9999,9999,6.6983776,9999,11.578541,11.006622,5.7036238,9999,9999,6.6469998,9999,9999,12.790071,9.4213963,9999,5.93682,10.656734,9.3709526,4.2316298,9999,9999,5.2231717,20.371901,9999,9999,9999,8.3609858,8.4183407,1.9157456,9999,9999,9999,9999,9999,8.0352192,2.2523911,9999,9999
10.2202,1.6833129,9.0939684,13.8889,5.7878551,12.05,9999,5.4000001,5.44172,9999,11.042606,11.169652,5.6263533,9999,9999,7.31352,9999,9999,15.165752,13.755549,9999,4.3554802,10.169678,8.8054295,4.2596302,9999,9999,5.1935787,23.8197,9999,9999,9999,8.5461092,8.3504353,1.8026683,9999,9999,9999,9999,9999,7.5974269,1.9507328,9999,9999
7.1782999,1.7336431,10.532888,13.2188,5.4576616,14.52,9999,6.5999999,6.9964967,9999,9.67519,10.810052,5.7088265,9999,9999,5.7825398,9999,9999,13.734754,13.027555,9999,4.6008101,9.764514,8.5341196,4.53686,9999,9999,5.3370786,21.1511,9999,9999,9999,8.6641159,7.6117249,1.7819034,9999,9999,9999,9999,9999,7.1369691,1.818994,9999,9999
7.23804,1.852252,10.032658,14.1081,3.805711,14.41,9999,10.5,5.4123058,9999,10.604454,10.015229,6.4384713,9999,9999,5.96135,9999,9999,11.774583,15.095499,9999,4.4756999,10.046337,8.758894,4.8561101,9999,9999,5.2007298,18.3111,9999,9999,9999,8.5739956,7.492003,1.8991506,9999,9999,9999,9999,9999,6.8166947,1.6940722,9999,9999
6.3888302,2.0140674,10.562157,13.8108,6.807302,11.53,9999,9.1999998,6.091145,9999,13.464776,10.769973,6.2929549,9999,9999,5.85463,9999,9999,13.99996,15.775721,9999,4.3189402,10.9101,8.3217859,5.4945002,9999,9999,6.25,16.9659,9999,9999,9999,8.5602751,8.7947798,2.0515015,9999,9999,9999,9999,9999,7.2643385,2.1661243,9999,9999
9.41996,2.173913,10.748686,12.3333,7.2587938,11.91,9999,8.5,7.2855034,9999,13.849984,10.448618,6.2501779,9999,9999,5.3225799,9999,9999,13.171318,13.546202,9999,4.04843,10.476894,10.448328,4.5075102,9999,9999,5.9806509,15.8946,9999,9999,9999,9.1383018,9.0283298,2.0493546,9999,9999,9999,9999,9999,7.7085047,2.1327596,9999,9999
8.9188995,3.4656503,10.717368,13,5.7047262,12.81,9999,5.9000001,7.2404785,9999,11.716109,10.558733,6.0171957,9999,9999,5.9580898,9999,9999,14.381311,14.358072,9999,3.64516,10.197498,8.1324043,4.3902402,9999,9999,6,14.7867,9999,9999,9999,9.7028875,8.2586279,1.8890662,9999,9999,9999,9999,9999,7.9096994,2.05654,9999,9999
9.03057,3.6421909,10.156549,12.4,5.5016646,13.23,9999,5.3000002,8.4590931,9999,11.326632,10.091153,5.8023195,9999,9999,5.4161501,9999,9999,14.030602,12.742143,9999,3.6775999,9.4462032,7.9019604,4.8701301,9999,9999,5.5604587,16.166201,9999,9999,5.7062302,9.3113985,8.0848169,1.9843661,9999,9999,9999,9999,9999,7.8711338,1.9927902,9999,9999
7.6434102,3.8466759,10.663297,13.8421,5.4991541,14.86,9999,5,8.797267,9999,10.894533,9.6029167,5.8822713,9999,9999,5.4692998,9999,9999,14.398599,11.673471,9999,4.4541502,9.7404022,7.9166665,5.5722899,9999,9999,5.3736353,15.1604,9999,9999,5.0059276,9.8046494,6.8611631,1.9482652,9999,9999,9999,9999,9999,7.9700394,1.8280568,9999,9999
7.4712601,3.7275572,9999,13.386,5.4481769,12.32,9999,5.5999999,5.3711429,9999,11.586397,10.227754,6.7394719,9999,9999,5.5618,9999,9999,13.584449,10.837578,9999,3.06884,9.898982,8.2552509,8.6261997,9999,9999,6.2861867,9999,9999,15.912,4.5744734,10.457518,6.5137887,2.3341796,9999,9999,9999,9999,9999,7.9926262,1.8093477,9999,9999
8.6430197,6.1512437,9999,16.319201,7.6060867,11.89,9999,5.5999999,6.824358,9999,11.812524,21.408245,9999,9999,9999,5.0388899,9999,9999,24.574488,13.375001,9999,9999,9999,6.4095883,6.5286598,9999,9999,5.4915857,9999,9999,22.5082,5.1641431,10.693845,6.6036658,4.6082201,9999,9999,9999,9999,9999,22.978132,1.9711657,9999,9999
7.4193301,12.684319,9999,15.3111,9.2278681,10.05,9999,4.0999999,7.5262213,9999,11.514871,38.64954,9999,9999,9999,4.7566099,9999,9999,38.856731,11.405338,9999,9999,9999,6.3608327,4.2079201,9999,9999,7.8642383,9999,9999,23.648199,5.8297024,14.171268,8.689208,5.749887,9999,9999,9999,9999,9999,53.253651,1.9104692,9999,9999
6.6578999,13.883175,9999,14.3125,10.475844,7.9099998,9999,6.3000002,7.8971329,9999,11.039255,42.965908,9999,9999,9999,4.6300402,9999,9999,41.358395,8.9841089,9999,9999,9999,4.0816326,3.2997301,9999,9999,9.6890812,9999,9999,15.3936,5.2802672,9.2710037,7.2096238,5.2970285,9999,9999,9999,9999,9999,64.402679,1.422671,9999,9999
6.2614198,14.138295,9999,14.5636,12.480438,6.8400002,9999,4.5,10.766175,9999,12.959078,54.277538,9999,9999,9999,11.1863,9999,9999,42.226784,8.4195185,9999,2.83656,9999,5.2127419,3.9312,9999,9999,10.062893,9999,9999,15.84,3.9792075,12.285028,9.1108789,5.8808146,9999,9999,9999,9999,9999,63.414032,3.241647,9999,9999
4.8294501,16.733654,9999,15.7636,13.532129,6.79,9999,5.0999999,13.781808,9999,20.085154,62.963932,9999,9999,9999,5.2801099,9999,9999,37.901802,8.7811689,9999,3.55004,9999,9.9445324,3.6961,9999,9999,10.305123,9999,9999,16.394199,2.8518386,8.2820635,16.600723,5.7174234,9999,9999,9999,9999,9999,50.845207,16.556742,9999,9999
4.81985,14.070002,9999,11.2289,15.960188,7.3200002,9999,4,10.387795,9999,19.603729,40.54472,9999,9999,9999,5.3955798,9999,9999,26.223904,7.4866085,9999,3.41325,9999,9.9919291,4.2690802,9999,9999,12.168838,9999,9999,15.6213,3.5652061,12.299215,7.4057884,5.8719449,9999,9999,9999,9999,9999,30.580456,23.382223,9999,9999
4.61587,12.327188,38.374607,12.5204,14.641486,8.7600002,9999,4.4000001,10.281233,9999,15.293317,22.603508,9999,9999,9999,6.43364,9999,9999,19.45233,8.7904978,9999,4.1103802,9999,8.6400003,4.4723601,9999,9999,11.12536,9999,9999,18.5305,4.9432096,10.15311,7.022954,5.5659432,9999,9999,9999,9999,9999,19.72611,7.1241288,8.5833302,9999
6.1321702,9.3738737,34.437439,11.89,13.215897,11,9999,4.6999998,10.481674,9999,16.765291,24.557127,9999,9999,9999,4.6160402,9999,9999,22.621666,9.8094215,9999,4.72961,17.817678,13.693099,5.1703901,9999,9999,10.801034,9999,9999,20.162901,6.7165122,13.771341,10.827951,6.5472016,9999,9999,9999,9999,9999,22.581711,6.8116374,7.8717198,9999
7.1054201,8.5573101,30.037731,11.9,10.947907,10.76,9999,4.6999998,9.7957268,9999,14.471862,29.0357,9999,9999,9999,4.51159,9999,9999,34.202984,9.2339277,9999,4.96732,20.333153,11.746987,4.9773798,9999,9999,8.9708042,9999,9999,20.045601,6.3747931,12.272009,10.45387,5.5351148,9999,9999,9999,9999,9999,18.862474,4.4362016,7.0866098,9999
6.54041,8.2492819,25.163342,9.8062496,9.5435762,9.54,9999,5.1999998,7.9815588,9999,18.429977,20.263441,9999,9999,9999,4.7135401,9999,9999,23.717068,9.6715841,9999,4.70682,15.160624,11.006604,5.1733899,9999,9999,12.764813,9999,9999,18.448601,6.191627,12.407591,9.8172884,5.1202335,9999,9999,9999,9999,9999,18.232441,3.6410863,7.6382799,9999
6.1538301,7.9390278,23.14262,7.2649999,8.2325268,9.6499996,9999,4.4000001,7.6858058,9999,15.653496,19.563896,9999,9999,9999,4.0503998,9999,9999,15.291317,9.8301611,9999,4.5542898,13.165416,8.5724535,5.9356098,9999,9999,9.6513643,9999,9999,17.5828,5.5852838,11.869407,8.3656502,4.1492915,9999,9999,9999,9999,9999,17.812271,3.3126011,8.5885,9999
6.61198,7.9089508,29.962057,7.9854598,7.0293756,10.68,9999,4.5999999,11.311556,9999,18.205618,14.628243,8.1535454,9999,9999,4.3278098,9999,9999,11.861329,8.8853235,9999,5.6881099,12.19257,8.6277294,6.0093899,9999,9999,10.617101,9999,9999,17.6164,4.9603615,10.917308,8.2191381,4.0548835,9999,9999,9999,9999,9999,17.824526,3.1974106,9.7546396,9999
7.0379901,8.2090292,26.486725,7.9287,6.6448174,14.04,9999,5.4000001,8.9527941,9999,18.027172,12.966154,9.7202244,9999,9999,4.5111699,9999,9999,12.289987,9.4784536,9999,5.9425802,11.779791,9.5781317,6.4516101,9999,9999,10.617476,9999,9999,17.837799,5.4124956,10.642769,8.0187664,4.1627464,9999,9999,9999,9999,9999,18.620672,2.9933085,8.6182003,9999
9.3885603,8.5494719,13.244852,8.0344,6.4477024,13.21,9999,6.4000001,10.172997,9999,15.753378,15.063744,9.4260902,9999,9999,4.53442,9999,9999,14.761419,10.936655,9999,6.2161598,10.69297,9.3646278,4.7948399,9999,9999,11.867831,9999,9999,17.069,5.4834967,10.978101,8.0678349,3.7622306,9999,9999,9999,9999,9999,17.427616,2.9616652,7.7849998,9999
7.7671099,8.1176586,13.480687,7.20786,6.2588172,11.76,9999,6.1999998,13.959904,9999,18.434191,13.394114,10.32837,9999,9999,4.48524,9999,9999,15.625154,10.695121,9999,5.7393398,11.065314,9.4053545,7.2418399,9999,9999,9.1347475,5.7077498,9999,16.4725,5.9954772,11.595514,7.2446985,3.5533211,9999,9999,9999,9999,9999,17.134903,3.0120544,11.5526,9999
8.0125103,8.1490107,13.699555,8.8984003,6.3333759,11,9999,5.9000001,7.3940024,9999,17.005713,13.702782,9.9126425,9999,9999,4.7432699,9999,9999,13.28032,10.098977,9999,5.6755099,11.234397,8.9067888,5.8343701,9999,9999,8.6534672,7.7539601,9999,16.8948,6.6467819,11.469667,7.4356661,3.5979774,9999,9999,9999,9999,9999,17.259453,2.9907417,10.5309,9999
9.39853,8.6965752,14.005148,11.205,6.8737106,13.89,9999,4.9000001,7.9228745,9999,19.740788,16.058884,11.48977,9999,9999,5.5378499,9999,9999,14.656973,10.778075,9999,5.97686,11.811779,8.5903587,7.0402198,9999,9999,9.3676109,12.6511,9999,18.7659,7.8430266,10.772324,7.3939881,4.6907983,9999,9999,9999,9999,9999,18.264168,3.6024306,10.4695,9999
9.9196501,9.5496197,14.664163,11.3006,9.3758669,16.549999,9999,6,9.368598,9999,19.939198,18.073196,11.46098,9999,9999,5.8183999,9999,9999,17.094868,11.372825,9999,5.3579898,14.980949,9.7345133,5.8028798,9999,9999,9.0146427,8.5439997,9999,19.9195,7.3217168,11.143596,8.0722532,4.0707054,9999,9999,9999,9999,9999,19.647541,4.6219845,9.0385704,9999
9.3712597,9.7460537,16.599737,15.8872,11.82369,9.6499996,9999,6.0999999,10.817684,9999,13.96024,20.291183,12.091059,9999,9999,5.3116102,9999,9999,17.484396,13.676556,9999,6.6125998,16.873686,9.3474884,5.8015699,9999,9999,9.4576578,6.2227502,9999,20.3004,6.8151269,12.394628,9.3665228,4.8386683,9999,9999,9999,9999,9999,20.427366,7.8273578,8.2016201,9999
8.8736897,9.5913811,16.232563,12.5884,15.227978,11.77,9999,6.4000001,12.931347,9999,14.097214,22.08732,11.645447,9999,9999,5.3487501,9999,9999,19.947136,13.951252,9999,6.4780502,19.686756,7.9927573,5.5316901,9999,9999,9.7074203,4.63203,9999,21.1299,6.8185925,13.472575,11.487555,5.1057801,9999,9999,9999,9999,9999,18.550079,8.0449314,8.8296003,9999
8.5838604,9.6766291,17.073746,12.2008,11.790591,10.44,9999,4.8000002,11.312218,9999,15.692338,21.687899,13.681195,9999,9999,5.2947001,9999,9999,18.166252,12.740034,9999,6.3839998,19.943537,7.4237957,5.8060002,9999,9999,9.5461588,4.8402801,9999,19.767099,6.0189676,12.792852,9.4061937,5.7603021,9999,9999,9999,9999,9999,17.995014,9.7919159,9.9278603,9999
8.4636803,9.2785892,20.758224,9.5733299,11.113805,12.99,9999,4.0999999,8.9811916,9999,16.474884,24.396807,15.331486,9999,9999,5.5901899,9999,9999,25.33926,12.187787,9999,6.6299601,20.241507,7.8175149,6.12918,9999,9999,13.781714,4.4677701,9999,18.2267,5.4358363,12.381265,10.379587,6.1735024,9999,9999,9999,9999,9999,18.187294,8.6367369,11.8205,9999
8.5314703,8.8635645,19.36739,8.7191896,11.492999,12.58,9999,4.5999999,8.6496773,9999,16.04458,22.649584,18.049471,9999,9999,5.2570701,9999,9999,25.756634,11.467064,9999,7.59446,18.869829,7.9175258,6.204,9999,9999,9.3049431,4.3134999,9999,17.2099,5.5025215,9999,9.4316492,6.335937,9999,9999,9999,18.947399,9999,18.458223,9.699399,13.2206,9999
8.6089401,8.7057457,16.552231,9.8664303,10.150838,11.49,9999,5.0999999,8.3181629,9999,16.543896,20.982571,21.111578,9999,9999,5.0106101,9999,9999,22.241453,11.618308,9999,7.0441198,17.341467,7.5613694,6.1010199,9999,9999,9.1304731,4.4239802,9999,15.9459,5.7964253,9999,9.0387373,5.7099438,9999,9999,9999,18.9382,9999,17.645706,8.1502752,13.0295,9999
9.2724895,8.7648687,17.444389,9.20889,10.136724,13.22,9999,4.9000001,7.971786,9999,14.116509,17.477871,31.602455,9999,9999,4.9798002,9999,9999,21.25878,12.076798,9999,6.9221301,18.979294,8.1002226,9.49893,9999,9999,9.7498808,5.73808,9999,17.2038,5.9057345,9999,10.27244,6.5184011,9999,9999,9999,18.929001,9999,18.934309,7.8303871,11.9786,9999
10.0371,12.783053,19.274612,9.6324396,9.8392296,13.75,9999,4.5999999,10.557402,9999,22.333534,31.897079,9999,9999,9999,4.7877498,9999,9999,25.434908,13.28868,9999,7.33462,19.501732,9.067647,8.7333298,9999,9999,10.066627,6.5399399,9999,17.7579,5.4204721,9999,11.375011,9.9400158,9999,9999,9999,9999,9999,24.51256,9.783062,13.6429,9999
8.80091,21.389029,22.343449,10.8102,10.290389,12.43,9999,6.0999999,11.287704,9999,48.996506,44.101112,9999,9999,9999,5.32967,9999,9999,39.45319,14.831102,9999,7.3948398,9999,9999,6.6476898,9999,9999,9.7407379,5.48983,9999,28.308001,5.5478864,11.98965,19.604156,16.655632,9999,9999,9999,9999,9999,56.998348,9.2012558,14.1719,9999
8.4965401,32.752613,25.412285,10.6659,15.088161,14.13,9999,5.1999998,10.860237,9999,58.373821,28.233936,9999,9999,9999,5.0843902,9999,9999,40.883877,18.063538,9999,7.4631701,9999,9999,9.49928,9999,9999,9.5939941,9999,9999,26.2421,9999,10.978258,23.837868,18.09054,9999,9999,9999,9999,9999,58.343655,10.55843,12.593,9999
8.3787603,46.36158,25.613413,10.9366,18.364014,12.7,9999,6,10.753177,9999,42.529408,28.807724,9999,9999,9999,8.1068602,9999,9999,41.875042,15.173522,9999,7.9112401,9999,9999,9.8911695,9999,9999,8.5837412,9999,9999,29.013,9999,11.223528,23.071724,17.673725,9999,9999,9999,9999,9999,62.530243,21.172991,12.4649,9999
9.1829205,41.841003,26.539791,9.7198496,39.691704,15.89,9999,5.1999998,10.120193,9999,40.311535,29.483444,9999,9999,9999,7.6321001,9999,9999,26.278248,19.608057,9999,8.32374,9999,9999,9.1681004,9999,9999,9.9746428,9999,9999,29.621799,9999,12.854324,23.624331,18.443335,9999,9999,9999,18.5273,9999,60.52404,38.681038,10.833,9999
11.0057,36.761765,17.47883,11.8159,44.921112,14.59,9999,4.5,10.036101,9999,46.492657,45.945526,9999,9999,9999,8.7930603,9999,9999,44.139336,26.5937,9999,8.0048904,9999,9999,8.1634102,9999,9999,9.8103781,9999,9999,29.6576,9999,11.668353,23.275246,18.607832,9999,9999,9999,14.49885,9999,62.799473,40.679539,9.9330502,9999
11.3986,32.199627,24.353134,11.4856,44.218258,14.86,9999,4.5,12.178572,9999,29.492151,51.450054,9999,9999,9999,13.5915,9999,9999,28.357462,25.062584,9999,7.94029,105.69048,9999,8.8116703,9999,9999,10.549916,9999,9999,28.462,9999,12.893579,22.604181,15.654455,9999,9999,9999,10.4704,9999,58.443184,40.661911,11.2204,9999
9.8926401,27.16161,35.825958,9.5962801,43.216057,13.7,9999,5.1999998,11.959459,9999,45.706055,24.850161,9999,9999,9999,11.0548,9999,9999,22.914097,23.531467,9999,6.5485101,48.397846,21.107813,10.7737,8.2826099,9999,10.38918,9999,9999,24.997,9999,10.91161,15.421531,12.201119,9999,9999,9999,12.960233,9999,43.545475,24.274067,12.9279,9999
9.31709,25.436357,29.209053,7.2006402,19.551901,16.459999,9999,5.8000002,12.220859,9999,29.588144,20.329576,9999,9999,9999,6.65765,9999,9999,18.531042,15.22442,9999,7.5524602,42.107437,23.252148,13.1347,6.2807002,9999,11.977413,9999,9999,22.704201,9999,11.555227,14.61049,9.624238,9999,9999,9999,15.450067,9999,32.240303,13.819628,12.7322,9999
12.8943,24.378351,42.57613,8.0490303,13.812447,15.18,9999,5.5,13.180791,9999,25.593489,17.187775,9999,9999,9999,6.1568899,9999,9999,17.386368,17.162939,9999,8.3773899,36.683098,25.071922,12.6474,6.76191,9999,11.806765,9999,9999,24.249399,9999,11.461507,15.132083,9.6942749,9999,8.9832401,9999,17.939899,9999,28.625723,10.844252,12.8663,9999
11.816,23.927488,28.034115,9.01157,12.543334,13.79,9999,5,13.285714,9999,29.965517,13.675937,9999,9999,9999,5.5288901,9999,9999,17.491331,20.064583,9999,10.9067,26.511904,26.828449,9.3765402,7.6818199,9999,11.483775,9999,9999,23.8274,9999,11.658407,17.044548,7.4733167,9999,7.9608102,9999,22.6154,9999,28.635147,14.252684,16.917299,9999
11.1998,29.031733,23.939381,8.7021303,13.490932,14.93,9999,5.5999999,11.971439,21.354244,26.130238,23.160202,10.795609,9999,9999,5.3126001,9999,34.525612,17.884277,15.534147,9999,8.7754698,25.608248,28.852358,11.3267,7.22857,21.6394,9.9163113,9999,9999,19.246799,9999,10.438255,16.575388,7.0583525,9999,9.0554705,9999,15.1546,9999,26.492479,14.195519,15.9992,9999
11.9804,26.299004,22.74444,7.6189799,13.970089,15.55,9999,5.1999998,13.644812,23.256771,25.932619,22.730442,13.558054,9999,9999,5.5455999,16.6667,32.616077,19.665262,13.335148,9999,9.3333302,28.739536,22.472624,10.8872,7.6666698,22.2335,9.5763597,9999,9999,18.412701,9999,9.0462608,15.518705,7.2902107,29.612839,12.4053,9999,13.5897,9999,29.1635,13.119678,16.586901,9999
11.8937,24.872681,25.067039,8.0488396,14.830652,18.120001,13.074228,5.5999999,14.443183,24.565105,24.640642,24.479143,13.085868,9999,9999,6.30408,18.2927,32.698978,20.784885,13.609754,9999,9.9404898,26.584822,22.256691,10.4962,7.45122,25.1675,9.7157364,9999,9999,21.5121,9999,8.9127674,17.545147,8.4035473,29.710823,12.1626,9999,16.791,9999,29.042316,18.425932,18.84,9999
11.0372,21.888729,23.190674,8.3493099,16.432186,17.58,13.275598,6.4000001,14.860775,23.830114,27.113506,24.534763,13.972693,9999,9999,6.6816301,18.6047,34.101154,17.273432,14.036211,9999,8.4785004,27.894958,21.368643,11.8852,8.5930204,35.757599,10.574136,9999,9999,21.1978,14.496,9.1155653,19.812162,6.9126287,28.751019,14.8865,9999,14.6795,9999,28.25506,19.552282,15.3033,9999
10.9747,20.759848,22.731321,8.8547497,16.397882,15.72,13.189618,6.6999998,15.390724,24.129637,23.668989,22.503279,13.588437,9999,9999,7.85464,15.7895,33.266548,17.165258,12.923257,9999,9.6167002,26.879698,21.055389,15.2273,8.8666697,39.215698,10.421329,9999,9999,18.6611,20.7988,8.9538555,19.422506,6.6636839,30.975277,15.3888,9999,16.0625,9999,27.838478,18.14241,14.7894,9999
10.2167,20.837286,21.119486,7.6322598,14.097482,17.110001,13.495183,10,14.771785,27.802519,24.283365,22.309763,11.523756,9999,9999,8.1904602,12.8,34.651756,17.79339,11.467585,14.224616,8.1426497,27.151516,21.049438,16.7134,9.6979198,47.085201,10.934038,9999,9999,18.578199,21.4664,9.2440586,19.06884,6.1645794,31.599899,12.5102,9999,17.3298,9999,25.896746,16.086378,15.2161,9999
10.0611,21.68786,20.570683,7.5135899,13.373189,16.549999,13.55356,7.6999998,15.364221,28.120691,25.075527,23.845234,12.640306,9999,9999,8.5262699,13.7931,42.510189,16.874069,10.665205,14.563459,8.4172201,26.325077,20.899586,18.251699,9.5769196,44.0476,10.564317,9999,9999,17.069599,22.133801,9.4620275,19.315464,5.8393912,35.113056,13.2714,9999,15.7919,9999,25.839582,15.720381,15.2455,9999
8.4184999,20.250681,21.313543,8.1993303,14.068632,16.790001,13.626472,5.9000001,15.920292,26.63567,24.712185,25.632977,13.276534,9999,9999,9.7316704,15.2047,34.685734,16.788151,10.383457,14.613548,8.2329197,24.817663,23.210072,17.879,8.8157902,39.8671,10.786531,9999,9999,17.865499,18.1922,8.539958,20.020264,6.4739451,35.426758,13.0866,9999,14.1497,9999,25.432821,16.154367,16.332899,9999
13.198,19.890673,24.051872,8.5346899,14.254843,16.99,13.678076,6.0999999,16.502621,25.627661,25.268873,21.61187,13.202741,9999,9999,11.9642,19.444401,33.38818,17.186996,11.192647,15.486136,8.7667599,25.132769,23.409254,16.854401,8.4333296,39.875401,10.674192,9999,9999,18.7582,19.6124,10.074003,21.356846,7.1987138,35.796169,13.2742,9999,14.188,9999,25.745594,17.123865,24.3888,9999
13.6234,19.958166,25.411787,7.9265099,14.161733,20.85,13.782731,6,16.216784,30.145851,25.016487,21.449562,13.496496,9999,9999,12.1807,13.75,31.266495,18.893139,11.191854,15.533729,8.0789499,25.735451,23.932127,16.2512,9.1297703,39.4203,11.296733,9999,9999,18.2833,18.422899,11.913973,21.244696,6.1515245,35.570854,13.8122,9999,15.3303,9999,26.007057,17.654997,25.458099,9999
11.3048,20.251944,25.145391,13.7056,15.103427,19.73,14.282126,6.6999998,16.235964,32.622017,24.692883,19.541624,12.998658,9999,9999,11.2333,14.4208,32.819038,17.074474,10.888074,15.325679,9.4962502,24.471699,25.936234,13.3258,10.0786,39.200001,12.424433,9999,9999,16.652599,17.875299,11.839357,21.252243,5.724822,34.340225,12.0659,19.934227,15.5745,9999,25.884914,16.997429,23.6731,9999
12.2502,19.757168,23.969511,12.001,16.636974,19.51,14.00822,8.6000004,18.725885,32.686386,24.343754,19.980955,13.817538,12.7336,9999,11.7813,15.0592,34.620449,17.869474,10.671362,15.380197,8.0139799,26.275167,26.024624,14.7527,9.6013098,42.822399,14.202142,9999,9999,15.7159,21.2048,9.5869999,20.706711,6.4844704,33.10899,9.5849199,22.028913,22.8916,9999,25.970257,17.381939,11.8037,9999
11.3456,19.971825,23.648203,23.0509,15.127903,21.25,13.813472,7.8000002,19.549692,34.673397,25.278469,20.58836,13.465569,12.7724,9999,11.4757,7.88623,34.314075,18.13582,11.651333,15.094568,8.2592402,25.775469,27.145174,14.6022,10.8304,42.957699,13.98444,9999,9999,15.9457,22.264,10.711947,20.517008,6.6497693,33.805195,11.9083,21.84664,15.734,9999,26.214754,17.68791,17.5667,9999
11.1819,20.633598,24.177399,22.7696,14.425378,18.93,14.166358,8.6000004,20.428503,38.947083,22.948669,21.699741,13.830354,12.3777,9999,12.3283,10.2836,34.336407,17.258837,12.122278,15.601528,8.5117197,26.431032,27.609041,16.214701,10.3869,33.306,14.291965,9999,9999,15.9064,15.4409,11.68635,21.473709,6.6483469,32.07169,11.9943,19.88628,17.4888,9999,25.303957,17.462675,18.696899,9999
11.7759,20.499763,23.452677,25.393999,14.616778,17.76,14.498222,8.1000004,19.773083,35.398884,23.668148,19.529549,13.478455,12.0692,9999,13.2419,9.5471802,32.782948,18.86105,11.207933,16.722927,9.2127104,26.850405,27.850863,16.8986,9.66047,33.548801,14.395589,9999,9999,11.2672,12.1183,10.484075,20.701126,7.3838816,30.214596,13.2546,20.418335,18.8811,9999,24.375698,17.317009,17.9,9999
11.612,20.812819,24.101414,14,13.592249,20.49,14.726867,7,21.034433,37.950047,25.531277,19.770975,13.649748,12.6296,9999,13.7092,10.6751,32.414402,19.2512,11.327868,17.385944,10.7445,28.391558,28.536678,18.711901,9.4808502,31.750401,12.707011,9999,9999,18.217501,13.0505,11.269087,21.872402,6.9662189,28.297543,14.6929,20.712725,18.979099,9999,25.172468,15.927489,18.7316,9999
12.1185,22.097086,26.034254,14.6,13.632894,20.52,15.081083,8,20.797386,37.52018,25.215382,19.744785,13.436572,12.6007,9999,13.8166,9.1772203,33.140324,19.765259,11.682463,18.441919,11.6085,28.805075,29.711554,18.5672,9.7721996,31.732201,12.876696,9999,9999,18.252501,15.9526,12.417329,23.327093,7.4746399,28.171816,14.7142,22.594276,18.942699,9999,25.480539,16.539179,19.145,9999
12.96,21.962273,26.246571,13.5,14.546744,19.139999,15.017106,8.1999998,22.42588,42.075966,25.861242,20.92371,14.858584,11.9045,9999,13.8055,10.3774,36.291462,18.557749,11.430758,18.276756,10.43,29.800728,31.577888,19.0567,10.1517,29.6043,13.550985,9999,9999,18.7976,16.7118,12.480669,24.285013,7.2351565,27.292231,15.4962,24.234812,20.099001,9999,27.151636,18.310661,19.819,9999
12.8016,21.544895,27.479517,14.4,14.855732,19.309999,15.235108,8.8999996,23.654432,44.336113,27.291969,21.030231,13.65855,11.6548,9999,12.5929,8.8221302,46.699196,21.595469,11.207349,17.709368,10.9488,30.540571,32.755024,18.3531,11.2492,27.3325,13.709585,9999,9999,19.4405,18.5452,12.995045,25.018559,7.3286519,27.275478,16.039101,23.928478,19.0179,9999,27.126196,18.937311,19.817801,9999
12.2633,21.525103,25.738556,11.2,14.897478,18.690001,15.567327,9.1999998,23.039177,46.270988,24.886547,20.171011,13.218458,10.7978,9999,11.5297,12.762,44.568409,23.115263,11.116761,17.932228,11.79,26.59252,34.221672,16.411501,11.4816,26.256001,14.260289,9999,9999,18.812599,19.8395,13.097322,24.639774,7.2264833,27.941826,15.8938,24.263502,20.4839,9999,26.227036,18.046118,20.9935,9999
12.0469,21.084909,27.459721,11.4,17.149843,21.09,15.820458,10,27.228943,44.894745,23.61017,19.696436,12.506927,10.8301,28.222361,11.722,13.8024,46.080898,20.872173,11.16328,18.839317,10.9393,24.72822,31.030264,14.346755,10.4481,25.8288,14.508989,9999,13.425756,20.0499,17.5028,13.347736,24.795364,6.9760518,26.484526,17.5734,24.320131,22.689699,9999,25.701534,18.228683,19.4846,15.21402
11.7246,21.406956,26.517115,11.7,18.10017,27.219999,17.655933,10.3,28.581938,44.12249,23.678293,19.066784,12.617427,11.1058,28.619122,12.3788,14.5425,42.686634,23.536196,11.847555,17.933184,10.612,25.748802,33.549084,15.022073,11.1577,24.1264,14.505957,9999,10.982051,19.902,18.4743,14.842979,25.244629,7.1056767,24.558744,18.775,22.947641,24.759399,9999,25.757069,18.042839,19.635099,15.856944
11.1593,21.895514,26.94141,12.6,18.763477,34.970001,18.383144,10.3,28.546515,46.416195,23.36887,18.867548,13.190187,13.6197,27.897253,13.4684,15.7318,38.558651,23.315828,12.91439,19.113485,11.8641,25.989038,34.396915,15.325667,13.3868,24.1224,13.077972,9999,10.872543,22.9219,18.452499,13.518691,26.487377,7.3534832,23.064331,18.473101,21.475981,21.939699,9999,26.691442,18.034492,21.303301,14.360042
12.5871,22.513468,27.828369,11,18.537722,30.76,17.164032,9.3999996,26.407045,47.714947,23.821535,18.673019,12.894535,13.0031,26.775642,12.9171,16.3335,50.287842,24.063375,13.136491,17.093462,12.7372,25.928211,35.465797,19.47978,13.9696,24.457001,12.865862,9999,11.737566,21.042101,14.22,12.730253,25.955162,7.6234937,21.689522,15.9227,22.626949,21.7966,9999,25.819286,17.238049,20.0123,14.753954
14.0412,26.04858,27.630589,10.5,19.872904,32.349998,18.648184,8.8000002,30.220287,47.246094,23.652212,18.506325,13.139993,14.0207,27.867647,11.3372,17.3328,50.706638,23.602629,14.227692,17.149662,13.7823,26.425467,34.449623,17.68778,10.741443,28.6266,13.906086,9999,5.5303335,19.0578,16.054399,12.67039,26.754436,8.6166706,18.768972,13.2489,22.168201,18.975599,9999,29.147125,17.431498,35.265202,14.418702
12.507,28.668196,31.516148,10.7,21.04524,33.580002,18.853807,9.3999996,31.199528,50.036396,21.669882,20.71249,14.86035,13.2567,27.29418,12.6799,20.501499,53.578793,27.969234,14.064105,18.534292,14.7266,30.149212,35.573673,19.770769,15.059164,34.1231,17.155218,9999,10.606915,21.2488,18.841101,12.688631,26.836395,8.8259745,21.348421,14.2359,24.10577,21.9653,9999,31.877741,19.724091,33.776299,16.443748
13.0195,27.99337,31.753265,10.6,19.266336,30.030001,20.551195,8,31.139168,53.930962,21.85498,20.349464,14.267824,11.6511,26.0819,14.4458,21.8207,49.130287,26.836645,14.688796,17.910269,15.4635,31.3494,35.038422,21.052481,13.808231,34.7644,19.907553,9999,11.649018,23.034599,16.976,12.419164,27.951931,10.066067,20.231306,15.6422,24.682415,23.343399,9999,32.346489,19.845715,26.5874,16.638725
12.5925,27.270645,33.40593,10.4,19.799719,30.01,19.896931,7.6999998,31.885263,48.865959,22.517025,20.55809,13.992211,9.0002403,24.731028,13.941,19.499201,43.700199,28.320641,15.655386,18.306246,15.4656,30.625551,32.552677,19.43675,13.27312,35.626701,18.959206,9999,13.784359,27.327,17.697399,13.465014,30.393049,9.7565794,21.136,16.0882,25.635878,27.809999,9999,30.725782,19.656687,30.6359,16.310894
14.8525,27.354176,36.826267,10.2,20.040152,29.379999,20.336571,8.1000004,32.764011,48.241772,22.354397,22.964302,14.400389,10.486,23.788086,15.0138,20.0858,44.784279,32.272675,16.680698,17.813515,15.7012,32.315331,34.131649,18.95727,13.263199,35.811001,20.396402,9999,17.491465,26.813999,15.696,14.378177,32.601604,9.2355299,19.891201,16.5888,24.837318,27.6054,9999,30.307203,19.507833,29.171,16.325203
14.4999,26.815754,37.124393,9,19.31329,24.75,22.320488,8.6000004,34.235573,45.736347,22.263905,23.049145,14.219049,9.8550596,22.826567,15.56,20.931,39.892231,32.898075,17.508656,16.248137,16.462799,33.27037,34.248718,16.36412,11.875008,35.5741,20.984407,9999,15.090574,26.4758,16.302999,14.856988,33.514874,9.0246048,19.284376,16.9203,23.188848,28.3395,9999,29.968811,19.18401,22.279301,16.04648
15.174,27.078497,36.944805,6.8000002,20.300669,23.84,22.103411,9.6000004,36.68343,44.786068,22.045935,23.588995,14.108205,9.6737099,21.686346,17.479799,22.085899,42.620632,36.199482,17.874016,18.631456,17.5378,31.33864,33.481319,19.321123,13.419972,9999,22.146074,9999,10.392852,21.8396,16.773399,16.608534,32.552425,8.7993031,20.006781,18.7321,23.375393,25.462099,9999,31.200504,20.681746,21.9685,14.841927
17.025299,27.211243,41.030762,7.8000002,20.184168,26.379999,21.80352,9.8999996,39.842968,47.06892,22.373709,24.948969,14.54183,17.119732,22.149366,16.618299,24.440599,43.793144,37.810875,17.972757,20.128956,20.1213,32.103504,33.506752,18.437416,13.67836,9999,24.472925,9999,13.441721,23.2609,16.3064,17.509644,35.907372,8.394536,19.813583,19.058901,25.34026,23.9944,9999,32.764721,21.148491,29.649099,15.567189
15.8724,27.901945,40.949284,8.1000004,22.591522,30.120001,22.037449,10.6,41.416096,44.976826,23.325466,25.566179,14.658399,16.663258,22.09696,17.754601,18.811501,39.89843,37.399845,17.237276,20.446306,24.6642,33.283108,34.138626,17.576492,12.774843,9999,23.992834,9999,19.107216,23.768499,17.820299,19.863338,35.843636,8.9450884,20.488947,20.2092,27.686272,19.199499,9999,32.891953,22.302334,29.0378,16.799192
14.1823,30.133698,42.182861,9.6999998,22.936228,29.24,22.812349,10.2,42.394783,41.916294,24.773832,26.027346,14.1571,15.482887,21.89311,17.8339,18.2048,36.399506,39.94603,17.763142,19.798059,21.6257,33.221989,34.056179,19.41736,12.17858,9999,24.420139,9999,22.045103,25.1192,16.045601,20.593908,37.742958,8.7987289,20.035641,19.544001,28.46336,14.8881,9999,32.445778,22.244236,25.310301,16.844065
13.0395,30.556103,40.090652,10,23.517162,29.99,24.323685,10.3,41.588272,41.805237,24.263,26.430136,13.778345,13.341656,21.541025,19.805,16.139999,37.973907,39.775215,16.991713,17.316723,19.8085,32.940586,32.907127,18.312588,10.14567,9999,24.746189,9999,22.5084,25.2297,15.5508,22.318594,36.104435,8.8551378,19.975698,19.3281,29.671932,14.1159,9999,32.641911,21.096746,19.6667,17.032927
14.7474,30.514145,39.563034,11.1,23.901711,28.450001,21.914183,10.5,39.563812,41.26392,24.834749,26.732471,13.468374,14.510562,22.000126,21.556999,18.518,38.791931,42.261879,16.289087,18.266279,21.358,32.293434,32.436584,17.220194,11.2828,9999,26.032505,9999,26.187641,26.8029,15.5194,22.583498,36.5807,8.9199324,21.120401,20.5299,31.044611,17.988491,9999,32.070377,21.810291,20.344101,16.966022
13.6855,29.779974,41.433258,11.7,22.557203,26.65,22.096849,9.8000002,36.614994,35.863968,24.932608,26.216677,12.998176,12.696029,23.123337,23.2281,20.852699,33.400536,43.956356,15.750551,20.480814,25.1425,32.012955,34.943024,16.574699,13.47126,9999,25.132883,9999,29.409138,27.7787,14.8622,22.908411,32.748795,8.7029858,19.936916,19.4921,29.704767,12.086564,9999,31.237946,21.625803,21.472401,17.35358
13.7269,28.805834,38.250786,9999,21.744415,22.92,21.452179,9.6999998,36.786331,29.864943,25.629097,25.781118,13.025172,11.767137,23.184401,22.5198,18.000999,36.948231,43.547878,16.300354,19.373175,26.651199,32.317917,35.880135,15.45836,15.69884,9999,24.119186,9999,29.785084,27.9993,14.3295,22.995359,31.511248,8.454073,19.465021,17.4639,27.016893,13.319881,9999,30.010721,20.679146,25.1437,17.784712
12.3347,27.138678,37.174465,9999,21.495819,21.34,19.989784,10.3,37.59404,26.922777,25.083742,25.284826,12.661822,11.681082,24.554413,24.886421,17.3314,35.00864,43.907364,16.145016,18.479902,23.5942,30.869059,37.554436,12.84402,15.85186,9999,23.563826,9999,26.412088,23.8535,13.8765,22.477406,29.020718,8.717083,19.564381,15.132,24.947315,12.874368,9999,27.695959,20.327101,33.209743,16.620302
11.0132,26.90966,35.309738,9999,21.333454,19.76,19.767309,10.3,37.856174,22.866861,23.748705,24.31019,12.472224,12.976083,24.887644,25.676401,16.471701,32.629021,39.587147,16.058384,17.910904,19.2218,30.214218,38.101421,12.124005,15.723193,9999,24.06802,9999,29.37018,29.6015,15.0044,22.895933,27.290512,8.2798204,20.506691,16.532,24.278917,13.752974,9999,26.675066,20.273451,32.526089,19.126762
10.9903,25.999624,34.139328,9999,22.525633,18.950001,19.968254,9.3999996,38.457047,17.627026,25.514793,24.405388,12.183857,13.838816,24.871311,25.816401,15.8408,30.978363,39.661057,15.644076,15.989847,16.566299,31.554375,39.391354,20.356979,18.810505,9999,24.107283,9999,24.226295,28.7022,15.1529,22.004179,28.512854,8.5518837,20.410135,16.5588,20.81337,14.066994,25.626274,28.52272,21.012289,31.932823,19.15353
11.4322,26.298458,33.291557,9999,23.598799,19.9,20.893457,10.4,38.679325,14.334517,31.91291,24.522377,13.092444,12.809109,28.222212,27.271515,15.0377,29.676638,38.931004,15.028488,16.132534,13.9065,31.160376,39.8246,15.71793,18.042345,9999,25.27948,9999,30.52784,27.8029,15.3827,21.747911,29.266525,9.198576,20.483358,16.9575,19.907251,18.237614,28.765472,30.285036,21.503706,33.8918,18.532898
12.0994,27.459976,32.940964,9999,23.557142,19.58,22.221823,12.2,39.782597,12.662098,34.372864,25.128672,12.967464,13.543501,29.603878,26.6891,16.8242,28.523823,40.061108,14.662962,15.698229,13.3747,31.000053,40.949188,19.075233,18.421303,9999,27.717495,9999,22.183857,29.8207,15.4549,22.717152,32.213894,9.4172831,19.627352,17.8393,17.692707,18.584574,32.051514,32.684097,21.188032,30.647228,18.446678
13.3105,27.515715,33.174877,9999,23.048122,20.25,23.484936,12,41.861301,10.560073,37.429409,26.890629,13.505988,15.313208,32.294697,26.193562,14.093425,28.239845,39.327808,15.526188,15.598347,12.3067,30.432276,39.601006,18.185995,17.590652,9999,27.122021,9999,20.496429,29.0989,15.0622,25.670675,36.673908,9.8609915,19.082266,18.7651,16.387146,22.007961,39.878563,32.883251,20.549301,27.666994,18.300209
14.1744,27.482378,32.184238,9999,21.545584,20.08,22.191641,12.8,42.086548,9.1079254,37.468182,26.317373,13.383727,15.37332,30.503214,26.207939,13.523808,26.599888,35.19162,14.408237,15.398242,12.5406,27.922804,38.7565,16.924286,19.682604,9999,25.76368,9999,19.903423,31.32,15.4012,23.777472,32.972469,8.8961649,18.41362,15.9518,14.920862,20.475994,43.272739,32.600712,20.059072,42.217087,18.862968
14.3942,27.498802,31.426107,9999,21.160841,18.719999,19.309288,13.6,42.065445,7.4514976,37.172371,26.086517,13.219818,16.06366,30.244108,24.979961,11.907043,24.112051,40.116756,14.558475,14.537994,13.261,33.163406,39.560638,17.537111,19.102594,47.444649,25.744263,9999,19.150782,27.184799,13.493565,25.636578,31.775728,10.212556,19.81518,15.3353,13.395828,19.385933,45.152149,32.512058,19.840206,32.869495,18.613478
14.11,26.535305,31.491032,38.249355,19.824757,20.634876,18.245674,15.7,40.671082,5.9643655,34.556194,25.995836,13.136964,14.370461,30.261257,24.363876,11.507988,22.440447,37.503059,14.530886,13.12889,20.804739,27.407181,37.473415,16.485069,19.620539,50.717278,27.241785,9999,19.534081,28.4811,14.01926,23.98493,43.570812,10.63665,19.438644,17.7616,11.290537,24.459173,43.558315,31.287622,19.329374,27.729988,17.098961
22.585798,24.478731,30.794149,38.600929,17.936634,20.581528,19.836117,16.299999,38.786198,6.683177,31.093704,26.015081,12.568392,14.135414,29.651615,25.231289,15.24951,23.415808,34.718044,14.603125,13.465807,20.737402,27.290907,35.843105,15.605289,20.287029,46.087456,28.414654,9999,21.641962,27.8535,13.847607,22.415207,32.001438,10.21088,19.895844,18.5114,12.246737,26.439947,40.630157,30.608082,18.666351,30.988821,16.596245
23.130409,23.088709,30.458895,40.900433,17.70606,21.905399,22.020189,17,38.338852,7.320097,28.820328,24.700272,13.016105,18.548016,27.820885,26.034369,15.078773,24.11446,30.691641,15.071856,14.273632,19.478205,26.004133,37.481773,16.26827,20.336929,44.0182,25.987534,39.682793,23.498373,27.0735,16.03911,21.901354,33.66021,10.744513,20.015068,18.219601,13.304739,27.868855,36.042316,29.960896,18.233381,28.790108,16.207045
25.471287,22.706837,30.010977,39.588627,17.449181,23.69243,24.022989,19.299999,37.607426,7.7144632,27.675787,24.767969,13.168372,17.076973,27.242439,25.849762,15.140176,24.883451,29.318651,15.660487,16.250517,20.136948,25.451357,36.359932,17.843042,20.749094,42.475964,25.095463,34.286743,20.34487,26.6689,16.152452,21.066336,33.054333,11.80272,19.135548,17.9636,13.903154,32.743553,30.59009,29.52993,17.670094,26.104643,15.08698
25.247238,24.261637,29.277506,34.481926,16.601557,22.870014,24.662638,26.579008,36.219822,8.3392277,25.570572,23.746216,12.588747,17.456617,27.024401,26.085577,15.302871,23.788818,28.108688,16.013479,14.449653,19.386517,24.658689,32.860649,21.734997,20.809183,43.033958,25.900522,30.650715,21.429813,22.646444,16.020931,20.564451,31.777048,11.792419,18.465746,19.346073,15.001267,39.475559,28.109631,32.13018,17.451468,28.293032,14.403969
26.432499,23.337957,29.813496,39.802299,16.422625,23.181263,23.969097,27.506674,35.852467,8.9934654,24.505629,23.97484,12.331971,18.24304,27.053398,28.275738,19.508749,24.968451,28.642162,16.488884,17.24432,19.546576,25.551537,33.434422,20.933649,21.016529,44.701942,24.610569,31.464268,23.301796,22.620169,16.94128,19.922737,30.894464,10.709111,19.946198,20.823765,15.259054,44.037491,26.860073,33.019737,17.604078,31.898718,14.260012
21.853054,23.122614,27.630127,44.494778,15.739293,23.201551,23.776825,28.073944,36.041935,9.8445091,25.392967,24.491869,12.792704,18.506586,27.468569,29.115133,16.928898,26.545074,28.024477,16.717705,18.140471,19.767481,25.886137,38.828979,19.648996,20.557497,45.041416,26.271395,33.817928,20.907976,22.213312,15.88576,18.514393,31.867229,12.248932,19.899204,25.712311,16.309753,41.013172,22.0233,34.292923,18.399446,30.989838,13.354903
22.025888,22.756191,28.183577,41.288174,15.839129,22.2183,23.213629,28.014212,36.581142,10.930728,25.799841,24.029078,12.694647,19.560654,26.701563,29.941776,18.176003,25.439457,27.63303,16.911949,19.254463,21.505184,26.724127,38.289711,20.113008,20.411222,45.422871,24.995909,32.59869,20.882467,22.618849,17.86875,17.995403,32.107712,10.659464,19.997728,18.285738,17.843616,38.427956,20.139984,35.619579,18.853045,32.175426,13.293913
23.029531,22.018398,27.108046,39.680679,15.097876,20.815823,22.689669,26.631437,36.477341,12.051174,25.64406,24.069567,12.092799,18.208664,24.959217,28.449535,17.833225,23.662762,27.33139,16.959759,19.261482,20.45923,25.718042,36.341824,19.557894,19.369884,43.479702,27.407843,29.628395,19.469067,22.707678,18.500294,18.585073,31.182888,10.574012,19.788946,19.331488,18.548964,34.559509,17.753511,36.551468,18.767319,31.914448,13.251212
24.42556,22.543207,29.873272,41.870308,15.745327,20.249086,23.441553,25.889332,34.536915,13.22715,25.554539,23.710449,12.300912,16.199966,24.708134,26.876347,17.397795,23.18771,27.599577,17.357485,19.241161,21.15593,25.273243,34.259922,20.378744,18.740976,44.235928,26.792353,29.457867,18.345694,25.140368,18.153904,17.676903,31.758869,10.297094,19.686846,19.579763,18.594887,32.112274,15.251896,37.164345,18.95789,33.530262,13.226606
26.616661,21.054865,27.012556,42.562801,14.934145,18.730162,21.852703,28.44109,33.101181,13.77891,24.892855,22.503572,11.8565,14.839776,25.159418,26.90966,18.416573,23.025108,28.35981,17.179302,18.391958,21.576569,25.328547,33.312294,19.162066,18.282288,44.451424,25.902122,29.039755,18.584337,24.666601,18.715471,17.78989,30.915182,9.8527756,18.411749,18.738914,19.397263,33.561371,15.468123,37.186214,19.217768,39.266632,12.053177
29.550589,20.668238,27.264006,40.351753,14.855409,19.306606,19.363821,28.162298,35.942413,12.992476,23.605885,22.422014,11.714028,13.931414,25.296041,26.944679,18.734886,22.971838,27.811241,17.292561,17.071825,22.521006,25.443417,33.331715,18.593149,18.183817,42.900349,26.130108,31.941519,18.871864,24.428556,18.809021,18.032167,29.951298,10.807417,17.805737,19.999056,19.649612,32.89378,15.570015,37.281044,18.852068,35.949425,10.708473
30.762348,23.868904,28.554878,39.915581,14.752018,21.791109,17.339506,28.428793,36.522011,12.324941,24.321932,22.806593,11.962269,18.629826,26.73094,29.293118,19.394001,23.44837,28.360882,17.599623,15.912369,26.501976,25.807711,32.136868,19.827139,17.884153,44.171921,25.754482,32.01041,17.16754,26.008532,19.101807,18.73982,30.149666,10.039797,18.572334,19.226326,20.13109,33.69474,16.501329,40.327145,20.193394,34.879414,10.004654
34.524437,25.756582,29.441198,40.536594,16.490765,24.975693,16.354843,30.914217,41.645161,13.862653,27.734709,24.285927,12.964474,17.079424,27.938839,28.543001,17.026653,22.945539,31.279263,19.040512,16.731682,26.516525,28.79352,37.050953,21.401106,19.209311,45.01368,27.804127,38.596138,20.575106,28.457426,19.538939,22.648441,31.81628,10.276265,19.070795,21.721836,20.667835,37.228081,21.763735,42.821167,24.296537,33.269497,9.9180613
33.35807,26.071041,29.480339,39.515877,16.792494,23.466475,15.003875,30.350281,42.252316,14.235297,28.160494,25.616991,12.987911,16.592989,28.593668,27.98531,16.886547,23.204546,30.399136,17.805174,15.635395,26.482124,29.592279,36.06472,21.009409,18.348217,46.24461,28.152538,35.504829,19.259058,28.340469,17.86059,20.807787,31.469479,10.128078,17.598007,22.008858,20.98255,35.477901,24.205154,43.415962,22.972151,31.098679,9.3331146
34.901901,25.137299,30.775387,39.367252,15.533383,22.886089,14.611769,30.233366,42.466278,15.336716,27.384113,23.580612,12.060322,18.625118,28.804293,27.640581,17.713701,23.736326,29.530087,19.170311,15.653756,26.622072,27.64596,35.510941,19.709583,17.217892,44.415222,27.670103,33.261211,19.612314,28.079521,18.284893,20.409151,30.731239,10.527564,17.55018,21.113401,23.640158,32.811806,25.204977,41.995583,23.096956,39.360641,8.8795853
36.821423,25.191668,31.530445,39.309807,15.095713,23.089447,16.000418,29.092598,43.945858,13.5822,28.001314,23.58474,13.022319,18.293943,27.915567,27.363855,18.835804,23.098944,30.841032,18.676065,16.686144,26.999657,27.459621,34.99931,20.275154,17.706024,43.431587,28.96986,34.028698,22.743124,28.618683,18.822615,26.073441,31.00679,10.2742,19.112156,22.251299,21.469585,34.134113,25.93787,42.563038,21.760496,38.00705,9.7552557
37.602932,27.3148,30.967573,39.780842,14.549319,23.113203,15.918866,29.998404,41.827778,13.811864,28.448862,23.266935,12.382557,20.035276,28.193478,26.599949,19.081188,22.628704,30.792225,18.836325,15.744535,26.66851,26.476728,35.764095,21.458483,17.325329,43.414986,28.670502,34.651871,25.926065,28.910084,19.016281,22.81016,31.235262,10.330523,18.436749,21.647144,21.787552,33.701656,26.044247,40.293507,20.510633,36.450886,9.8057499
38.852932,26.212831,30.944284,41.42643,13.5825,23.852612,15.237,31.261246,41.528397,14.08453,28.412687,23.211885,11.797584,17.252878,28.886721,26.220442,18.364756,22.905283,30.870544,18.214046,15.186158,26.949417,26.42638,37.45623,22.443192,16.831493,42.907482,28.001135,34.93819,26.467396,29.32106,18.846498,21.875332,30.812901,10.19989,18.067616,22.198183,21.254545,32.619678,28.673203,39.74577,19.977062,31.606583,9.5693474
41.366329,26.522774,27.596077,46.191296,14.217854,25.027948,15.110566,31.277351,40.883907,14.475629,27.5819,23.086636,11.277782,18.034697,28.817415,27.058975,17.602161,22.632013,30.801672,17.519171,14.789542,26.557375,26.899689,40.054352,22.172592,17.786459,41.736717,26.983551,35.273453,28.995455,30.164091,18.799776,20.709082,29.88398,10.460397,17.436378,22.291235,21.539541,32.468941,34.375923,38.773426,20.258661,22.948378,9.3527575
41.522022,27.102985,27.448994,45.503296,14.749387,25.366653,14.763625,29.993624,38.969105,13.770163,27.315899,23.37636,11.568774,18.251265,28.901016,27.232843,16.920494,22.382847,30.797091,17.137779,13.605304,26.52252,26.411581,41.747784,20.775066,19.011101,41.334145,27.00491,36.586208,25.511333,29.908567,18.50688,19.762623,29.600319,10.528371,17.412086,21.37183,21.4561,33.800213,34.085571,37.651279,20.607603,19.685883,9.3649607
41.121452,26.302401,26.724457,44.297333,14.874236,25.49262,14.14056,29.320522,37.231686,11.453098,26.312742,23.411814,11.51269,17.360729,28.756376,26.231663,16.443623,23.043688,30.4555,16.753937,12.820159,25.018181,25.301907,40.965656,20.903437,19.457405,41.419064,25.722542,34.83017,23.730309,29.859959,18.637457,18.783819,29.336447,10.507728,17.111502,21.495317,21.086695,32.610512,34.596043,37.199085,20.439989,21.766199,9.3743582
38.949207,26.411098,26.550058,44.18066,14.959788,25.615662,13.832061,34.657894,37.115562,11.227473,25.912758,22.635071,11.461225,18.392523,28.451338,26.327665,16.611101,24.197241,29.792065,16.654638,12.769869,24.969736,25.446552,39.307915,21.174946,20.913431,41.447006,25.135136,32.620975,23.500158,30.152285,19.278122,19.039873,29.522753,10.155826,17.880098,21.296926,20.743713,34.293766,33.27599,36.987923,20.017557,37.860416,9.4489317
38.129059,29.540836,26.605892,43.042877,15.2791,26.497147,13.76862,32.87886,36.108452,11.574162,25.685423,22.41037,11.429974,20.950197,28.200066,26.845837,16.358791,24.491634,29.331911,17.003796,12.543601,25.241837,25.777224,41.123863,21.124619,21.720499,41.875877,25.132641,33.752262,22.526438,31.393812,21.267971,18.71558,29.07991,10.221434,17.52005,20.559965,20.660849,35.514717,30.821991,36.822517,20.806808,21.023975,9.5489655
42.47924,35.069836,31.40867,46.178421,26.085026,29.088339,14.997621,33.541809,39.916012,10.371161,29.264481,25.464901,15.195364,29.906715,33.385067,31.019247,18.426701,30.781635,37.280003,24.246796,14.008601,27.788595,31.440643,47.800552,26.083941,25.920113,48.24741,29.466593,39.152565,27.917439,34.615746,23.659943,25.7659,33.080013,13.038926,18.366051,24.883709,25.661848,34.673809,34.918991,48.084496,31.351057,11.12254,10.988965
37.883366,32.386837,27.886671,40.370987,19.194025,33.595158,12.070621,34.301697,36.006012,10.219161,27.968481,23.230902,14.774364,23.706182,30.441067,29.705921,18.123703,25.985636,36.535004,22.184795,13.419601,26.754974,29.521643,37.406551,23.491304,27.199619,44.091743,27.720592,34.669888,20.542439,32.542152,24.096937,23.8279,30.029013,10.465926,17.608051,26.767126,24.332848,31.283236,29.806992,43.850494,29.790056,13.108702,9.8629646
37.714725,28.156837,25.196671,43.445332,14.357025,26.646166,12.80062,33.933666,31.470013,9.6181612,25.44548,22.195902,13.067365,28.293314,31.066067,29.14505,17.361322,22.881636,35.427002,21.498795,13.624601,28.57851,26.869642,28.634552,23.485712,25.88677,43.61795,24.165592,35.558132,17.097439,31.879801,26.68022,20.7689,29.049013,7.5969262,18.180052,24.516741,27.619848,27.33214,54.71299,42.196495,23.401056,15.11098,7.9349647
37.834625,27.804838,26.21467,45.449196,15.819025,27.394482,12.89362,35.040039,33.408012,7.417161,28.670481,20.679901,12.445365,23.722393,31.508066,29.11508,16.652771,25.383636,34.450001,18.807795,13.895601,28.671539,26.828642,36.999554,22.480869,24.653891,46.746899,22.320593,36.528725,21.152439,32.620838,23.155483,19.7829,29.496014,8.151926,19.273052,22.861374,26.821848,33.180195,63.734989,42.926495,23.685057,15.042423,9.0719643
