-.5077731,-.30594537,-.57668126,-.8880741,-.63135731,-.78880012,-.26840878,-.54320723,-.48005643,-.48006225,-.69324541,-.46720755,-.35747272,-.80345994,-.40777549,-.30836076,-.87169403,-.53679562,-.57317919,-.64726436,-.76346922,-.67686629,-.42326307,-.56558347,-.24441414,.13158095,-.60659015,-.23993064,-.71370065,-.52674049,2.7279613,-.5766533,-.27067083,-.59861565,-.53887933,-.40832826,-.23405565,-.16048166,-.71696848,-.19346696,-.20036593,-.61219782,-.61163735,-.58251321
.17916644,-.29105923,-.22949214,-.69139904,-.13423741,-.29314807,-.46654668,-.48207927,-.40407297,-.48234931,-.55240369,-.34269783,-.36866808,-.80345994,-.53225368,-.0084329098,-.87169403,-.59796989,-.46848416,-.67973423,-.76346922,-.027168782,-.47041631,-.42709702,-.30061123,.29476458,-.63684833,-.59540194,-.64619219,-.52674049,.34659457,-.56543171,.042315651,-.57053852,-.51107174,-.37620014,-.23999882,-.27010897,-.54040575,-.19346696,-.17687841,-.52274996,-.55628103,-.59752703
-.56609321,-.41862476,-.53634274,-.68699878,-.1228893,-.75249559,-.54327756,-.20641346,-.3182267,-.55517775,-.56997097,-.57823735,-.36522117,-.80345994,-.48166484,-.35770851,-.87169403,-.59890848,-.51519281,-.62465614,-.76346922,-.27389237,-.66008002,-.3482534,-.77315223,.12996012,-.60091877,-.81838697,-.75694191,-.52674049,.73151928,-.58803642,-.33371705,-.47767463,-.3674095,-.47672814,.020680102,-.32434154,-.62773556,-.19346696,-.30211112,-.48194453,-.48620626,-.59752703
-.54454672,-.52996689,-.64119273,-.84479868,-.31504545,-.56979883,-.54048634,-.32914355,-.57721686,-.52263844,-.70435864,-.66388732,-.53208613,-.80345994,-.48614621,-.15664075,-.76551688,-.5708912,-.45302087,-.63826454,-.76346922,-.51594293,-.58036953,-.57926726,-.49263999,.12212826,-.67045504,-.1052167,-.75064713,-.52674049,.094741642,-.58803642,-.66014338,-.79080892,-.89899826,-.50752687,.22624816,-.32434154,-.43802327,-.19346696,-.47562551,-.57288009,-.25440937,-.59752703
-.30018473,-.52238846,-.73971337,-.61990821,-.64166057,-.70351648,-.5684042,-.3196421,-.6098507,-.57049614,-.61205953,-.63205898,-.57726049,-.80345994,-.59145373,-.52012187,-.87169403,-.55566782,-.4937678,-.38027838,-.76346922,-.82427406,-.74138218,-.67528749,-.43399912,-.3952007,-.64146614,-.94903582,-.62019783,-.52674049,-.60650164,-.49163783,-.73588586,-.8458358,-.7770232,-.2897304,-.031221138,-.32434154,-.59518641,-.19346696,-.55088359,-.6718213,-.64314276,-.5692724
-.039402768,-.57705438,-.81889653,-.95542705,-.56762016,-.4409332,-.62502778,-.54438198,-.63834077,-.65148145,-.5042991,-.67079812,-.56195331,-.80345994,-.6522969,-.60088933,-.87169403,-.56754088,-.69154918,-.4918316,-.76346922,-.77982056,-.71944076,-.70647877,-.14619936,-.46439695,-.51866782,-.73469734,-.42051944,-.52674049,-.8806054,-.55404544,-.89264977,-.7515862,-.73006511,-.375875,-.87183243,-.26997471,-.83806497,-.19346696,-.60021752,-.67102659,-.64007634,-.56763858
.50727445,-.41488999,-.71943253,-.77739203,-.13109618,-.4693262,-.56345075,-.61825448,-.68425333,-.62448609,-.65731686,-.43381968,-.36154443,-.80345994,.24470331,-.30906412,-.87169403,-.54148167,-.40186009,-.5641309,-.76346922,-.70637524,-.700091,-.60940611,-.33947173,-.12989926,-.65557897,-.61836797,-.64952946,-.52674049,-.65631825,-.58803642,-.49970418,-.73164469,-.59961677,-.44545436,-.34841868,-.32434154,-.53993875,-.19346696,-.45303622,-.41441545,-.66972286,-.59752703
-.34477004,-.41374931,-.75421947,-.83922875,-.43271375,-.7270866,-.62812823,-.68938589,-.62840873,-.6419155,-.75546706,-.58438957,-.54752755,-.76144356,.23220615,-.23037034,-.87169403,-.61312813,-.44805577,-.51033515,-.76346922,-.69699019,-.60379165,-.62233746,-.57837588,-.37391627,-.66238493,-.71692193,-.73965061,-.52674049,-.70840269,-.56875974,-.48944077,-.69686341,-.56287825,-.47952896,-.30573308,-.23184553,-.58960801,-.19346696,-.49996078,-.52800375,-.60073555,-.59752703
-.46034932,-.57700312,-.82579988,-.82457846,-.64240474,-.89431942,-.72937816,-.68380797,-.68991107,-.70115113,-.7512756,-.7778908,-.68535775,-.80345994,-.68198621,-.79593903,-.87169403,-.5995298,-.79917067,-.71191663,-.76346922,-.86459702,-.68225932,-.64748287,-.69248426,-.38419226,-.72510135,-.70141071,-.86133564,-.52674049,-.95885664,-.58803642,-1.0672292,-.84889472,-.90397573,-.41916764,-.74359733,-.32434154,-.86006081,-.19346696,-.66630566,-.72008789,-.64597315,-.59752703
.66010976,-.43814164,-.8255915,-.97231823,-.38988307,-.84944332,-.68667966,-.74005818,-.72474682,-.58210188,-.70840532,-.75848007,-.59748626,-.80345994,-.42745715,-.54358137,-.87169403,-.54489535,-.71807057,-.71150005,-.76346922,-.75048608,-.72122675,-.6471495,-.69135404,-.4845252,-.68537539,-.76331151,-.81446564,-.52674049,-.6356051,-.55751079,-.90242553,-.68537283,-.81868184,-.47796938,-.41285631,-.32434154,-.7788648,-.19346696,-.61702287,-.642295,-.69617081,-.59752703
-.18126489,-.67500556,-.82879543,-.78341043,-.41281849,-.72743589,-.67354202,-.68956286,-.72857237,-.59407675,-.71534324,-.69891417,-.67352343,-.80345994,-.66060418,-.54594481,-.87169403,-.60022295,-.6774345,-.72321337,-.68397743,-.90091538,-.67916137,-.56305158,-.53587568,-.54206413,-.70005614,-.71741408,-.79507864,-.52674049,-1.0576751,-.56879157,-1.0152013,-.64571816,-.88442469,-.47957513,-.33533052,-.32434154,-.84421957,-.19346696,-.64612883,-.66945946,-.69617081,-.59752703
-.17056762,-.66252917,-.68325734,-.87177861,-.41616362,-.73072803,-.66585922,-.74396998,-.72960919,-.58153737,-.59833354,-.70840114,-.62737399,-.80345994,-.69860351,-.75142342,-.87169403,-.56231111,-.67420501,-.76144952,-.68521512,-.86280531,-.71896315,-.68294251,-.54327685,-.49676821,-.70044613,-.83937901,-.78996134,-.52674049,-1.1025918,-.58803642,-.65450525,-.77643591,-.7816692,-.50752687,-.59783435,-.23343584,-.59747732,-.19346696,-.62628376,-.71084684,-.6023764,-.58503306
.21022321,-.49062639,-.45140079,-.40837243,.12622131,-.55330545,-.54984838,-.68816215,-.59277588,-.4776426,-.71376443,-.58815849,-.4103269,-.80345994,-.62230784,-.46819359,-.87169403,-.56083256,-.31110942,-.60888308,-.68293822,-.70257151,-.52488005,-.6511088,-.0043140701,-.32210049,-.68704247,-.65314919,-.7523573,-.52674049,-.61467099,-.58803642,-.54050344,-.66843206,-.50322574,-.50752687,-.009953673,-.23079087,-.19862604,-.19346696,-.391617,-.47319579,-.62377822,-.57181203
-.19903846,-.66415727,-.64826715,-.92849898,-.46836996,-.69078952,-.69626468,-.58718234,-.63238585,-.61439008,-.7180289,-.74482256,-.64820421,-.80345994,-.66669989,-.5818702,-.87169403,-.5878917,-.71332878,-.67885774,-.76346922,-.6243332,-.54899889,-.47978032,-.20842209,-.45104492,-.66388077,-.95710212,-.84121126,-.52674049,-1.0179898,-.58803642,-.65813267,-.60110211,-.70504665,-.50752687,-.68415719,-.32434154,-.69980872,-.19346696,-.58601761,-.66253388,-.69617081,-.5851177
-.095937841,-.61274797,.53293598,-.56376147,-.55056942,-.68761933,-.71461421,-.74365777,-.26761603,-.5802294,-.59692615,-.31644723,-.056998067,-.80345994,.25286201,-.78698426,-.8235057,-.58756924,-.34816855,-.66116297,-.76346922,-.41633326,-.037864827,-.4175331,-.71167904,-.47207132,-.5762943,-.30724618,-.58537787,-.52674049,-.75699842,-.58803642,-.67057586,-.62273437,-.22426522,-.50752687,-.67920101,-.27861968,-.36856979,-.19346696,-.29377839,-.63943875,-.6725834,-.59752703
.43986046,-.0013025989,1.1934737,.23919325,-.20431043,-.044566281,-.47066581,-.58090889,.91489249,-.46343067,-.67395318,.65204012,.82775486,-.80345994,.7905767,-.37198216,-.87169403,-.60013211,.66707629,-.43911946,-.76346922,.57613236,.40380594,.097115614,-.097348936,-.22763692,-.056732889,-.4152666,-.068917446,-.52674049,-.48648855,-.58803642,.0034906361,.28935429,.67791468,-.4793784,-.1018803,-.23134817,1.2790495,-.18861406,.52788734,-.36437675,-.57623529,-.59752703
1.2736158,.1320468,.91742271,-.065179557,.5463466,.11896025,-.43253598,-.517519,.97473609,-.23430197,-.080854498,.72007942,1.0135612,-.67229813,.60095888,-.017383596,-.6180945,-.47862002,.54903698,-.17646557,-.76346922,.81512266,1.1121505,.83943152,.61024821,-.11257819,-.072499469,-.1458254,-.11916763,-.52674049,-.46192673,-.57800716,.24777217,.70672148,.51532584,-.47839335,.75895762,-.22809388,1.1223297,-.17839874,.8195442,-.0076621189,-.5968647,-.58429885
.81055927,.44520301,2.1740794,-.064571172,.8967607,.55540174,-.38773432,-.73755217,3.028553,-.30676487,.58636981,2.1966329,2.7504706,-.80345994,2.0543301,.26145247,-.81795967,-.42787501,1.8159515,-.10834941,-.76346922,-.11849388,1.8503498,1.2289608,1.6609786,.052315019,-.06136857,.49806899,.54982108,-.52674049,-.51495284,-.57741106,.82669097,2.109988,2.3199306,-.47666186,.86777854,-.22237353,1.4474993,-.14557561,1.4665048,.74022341,-.53835845,-.58351266
1.0875123,.43492097,2.4293497,.14931476,.83004636,1.802368,-.25693077,-.42463219,1.555876,-.097222887,1.4938283,3.4163299,2.8321612,-.80345994,3.3092065,.70205021,-.81536531,-.4039925,2.011306,-.12269779,-.76346922,.36488488,2.5164313,.84212476,1.6899525,-.27365443,.15911745,.36420396,.6298241,-.52674049,-.38159505,-.52120644,1.2614244,2.7322373,3.0083678,-.50752687,1.7485735,-.27089596,1.3328726,.25278732,1.5404482,.99284732,-.64102691,-.58283603
.67509961,.20772777,1.9795188,-.34689492,.27542022,.084932029,-.45537403,-.2661168,1.256732,-.27316654,.0056027677,1.6462134,1.1789217,-.80345994,2.0064197,.38307163,-.81814313,-.54212016,1.529846,-.12249494,-.76346922,.31334212,.93396831,.1421812,.22520335,-.345516,.55649126,.099440902,-.061722465,-.52674049,-.22963557,-.54568017,.73428005,.45663473,1.1318674,-.41524783,.48699588,-.22272161,.71265179,-.082101941,.68747717,.20436509,-.56510943,-.56959397
-.040466812,-.15895329,.83590615,-.44588932,.38269418,-.020851905,-.41302675,-.18460794,.57437533,-.10635208,.1757912,.72358936,.32789162,-.80345994,.27891171,.29298142,-.8160944,-.59838325,.90232456,-.18036985,-.67264539,.61395913,.33216533,-.12984098,.8649984,-.41551879,.4910588,-.67493898,-.20477924,-.52674049,-.69065678,-.56604809,-.19108513,-.079594947,.87920272,-.44365397,-.03607484,-.11332636,.66396397,-.12188927,.26505789,.38379529,-.47845018,-.59752703
-.25951165,-.40362626,-.14331974,-.77585232,-.5408864,-.20388111,-.52180183,-.7419368,-.42070922,-.54023117,-.05411512,-.33799371,-.20037451,-.76057404,-.37421525,-.52456993,-.77219081,-.56035203,-.37532267,-.47116655,-.76346922,-.4250848,-.36851385,-.43743032,-.34851193,-.44142604,-.033746634,-.6498211,-.42766553,-.52674049,-1.1438204,-.54868525,-.79277605,-.63995659,-.3889395,-.45037219,-.69542611,-.32434154,-.55418205,-.15405214,-.31803289,-.47020274,-.6231131,-.59752703
-.20528422,-.36607596,.12019324,-.55396175,-.084172726,-.39653209,-.5659489,-.64948034,-.15463553,-.39124402,-.54109174,-.12947905,.13531812,-.80345994,-.5266695,.076888792,-.73796046,-.55401838,-.058404513,-.47437638,-.76346922,-.0016897328,-.15715565,-.27833742,.65141225,-.42046085,-.10564173,-.52406847,-.45308435,-.52674049,-.74941397,-.57040691,-.6205042,-.17210513,-.18780079,-.45631579,-.37121031,-.19745302,.44100574,-.16697995,-.15690556,.023023052,-.56525016,-.59752703
.0013403117,-.42552084,1.6431102,-.64594162,.28966856,-.11209533,-.47091788,-.65388137,.062934615,-.40353817,-.15638131,.71474743,.66966701,-.7289049,-.23436269,-.15722671,-.87169403,-.5557853,.27371368,-.25381538,-.69282657,-.093256421,.16571176,-.16003047,.025661394,-.36381561,-.30221587,-.59171158,-.48043165,-.52674049,-.60769111,-.53672892,-.63752985,.1034437,.047873084,-.45784661,1.1941592,-.20124601,-.0095580611,-.17205425,.043427099,.026840581,-.61149937,-.56369078
.11482301,-.42252553,-.53807825,-.8807103,-.34256318,-.31490064,-.59591192,-.630292,-.56244737,-.54102832,-.24211597,-.50812435,-.46235141,-.80345994,-.40252841,-.51457673,-.79611248,-.59308404,-.36006507,-.52018231,-.76346922,-.41018379,-.59492636,-.48743495,-.3064791,-.40140426,-.47225347,-.64514732,-.65710413,-.52674049,-.85007209,-.57309103,-.76757771,-.6232639,-.69191951,-.46411279,-.059837382,-.28848505,-.47559154,-.17849742,-.49676186,-.53903931,-.65917492,-.56795859
.15478911,-.18412475,-.56391412,-.86870289,-.38027871,-.55958486,-.59948546,-.68582308,-.45058104,-.61445808,-.5305928,-.5484097,-.51154673,-.77451915,-.53283364,-.63316268,-.83812004,-.5775131,-.45761701,-.67189187,-.65378076,-.58948296,-.55629432,-.47474498,-.4745616,-.34783205,-.53502601,-.60422987,-.6851337,-.52674049,-.76760381,-.55484211,-.61364043,-.63673294,-.76817787,-.46895704,-.48555413,-.32434154,-.66198617,-.19014217,-.46049535,-.52952051,-.59756738,-.57125789
-.174926,-.45187548,-.26103973,-.87487906,-.35131845,-.41469353,-.63115567,-.52327299,-.35816714,-.51023954,-.57193738,-.5050016,-.53371114,-.80345994,-.63491589,-.59256184,-.83621222,-.53785044,-.36843836,-.67455471,-.70550847,-.51821953,-.5477733,-.32947341,-.41255632,-.50464255,-.48770198,-.53741688,-.7247408,-.51504081,-.90250206,-.5810203,-.63755322,-.64036411,-.75245881,-.40562293,-.55552554,-.25701007,-.76965874,-.18995324,-.3409453,-.53315371,-.59196424,-.57901913
-.64880621,-.63874185,-.51730585,-1.0615432,-.74397647,-.7300204,-.64060259,-.68331283,-.7011956,-.7120198,-.72250015,-.75979549,-.66020191,-.77386397,-.81384432,-.78897697,-.83735996,-.59491748,-.69906217,-.73949379,-.76346922,-.82558995,-.67263931,-.63657856,-.76731092,-.47592661,-.60140604,-.67901146,-.79881418,-.52674049,-1.0039512,-.58803642,-.87476718,-.84865677,-.91278762,-.50752687,-.67218828,-.32434154,-.92192805,-.16966648,-.67476511,-.69405645,-.61214107,-.59752703
-.47517207,-.69293708,-.63145977,-1.0404468,-.66885704,-.57524073,-.64507806,-.68154097,-.48499289,-.72209561,-.60533601,-.73986936,-.6123926,-.7734015,-.61552763,-.90407556,-.83682352,-.61312813,-.62414646,-.73048079,-.70650703,-.77442896,-.66961014,-.27263626,-.57770205,-.54167956,-.53665924,-.80186027,-.66510683,-.52674049,-.93864125,-.56735069,-.78630245,-.57110465,-.91072488,-.50752687,-.82836837,-.32434154,-.84720558,-.14166903,-.69240952,-.71193218,-.6108281,-.59752703
.088134535,-.33961254,-.22865672,-.75831759,-.33957994,-.36501417,-.56562924,-.46956146,-.34332949,-.6284526,-.53565311,-.62470877,-.58425093,-.74653697,-.37674713,-.79766023,-.8386761,-.50805277,-.58985788,-.68530673,-.76346922,-.44653153,-.52753556,-.60024118,-.24888179,-.17425507,-.41072387,-.69190514,-.6169107,-.52674049,-.98146409,-.5815075,-.34633842,-.34421209,-.71835136,-.46959588,-.86053735,-.32434154,-.66836822,-.17057884,-.56109297,-.61432475,-.61536223,-.58891571
-.21651492,-.50317514,-.68316877,-.51136589,-.46400738,-.66399866,-.57859004,-.48717159,-.53064096,-.66355765,-.60351527,-.65854812,-.57241386,-.80345994,-.66250372,-.54806358,-.87169403,-.53856367,-.6435709,-.67218757,-.59123445,-.62467331,-.63197565,-.54817808,-.54307097,-.52343172,-.6075263,-.49890697,-.52502143,-.52674049,-.8108288,-.58108675,-.53052533,-.62426168,-.67800951,-.50752687,-.86737329,-.29099479,-.77228934,-.14822124,-.62262303,-.58468056,-.62735796,-.58836079
-.16954179,-.31886283,-.60237688,-.67451936,-.57774109,-.82216704,-.53722769,-.61188912,-.42758858,-.59232092,-.6416806,-.56046164,-.50241286,-.80345994,-.74558818,-.68070042,-.8381182,-.60422391,-.57323086,-.61693919,-.43438566,-.62634099,-.62521625,-.49525097,-.56398171,-.49655914,-.59549743,-.80978751,-.31499881,-.52674049,-.73752534,-.57475793,-.70745122,-.5479092,-.91570288,-.50752687,-.89606309,-.29248425,-.76705772,-.15356717,-.55156696,-.6107018,-.64686638,-.57125646
-.37931824,-.54606062,-.66722012,-.68927783,-.6813693,.11175128,-.59780133,-.60097665,-.55186522,-.74394256,-.60078436,-.65736705,-.65372062,-.80345994,-.7344209,-.82644045,-.83613575,-.57540822,-.73458838,-.55784482,-.76346922,-.92314196,-.71135771,-.58937287,-.50599748,-.45179492,-.58784509,-.71056187,-.34843016,-.52674049,-.93371606,-.58803642,-.89191979,-.6586085,-.84948617,-.48710218,-.8856746,-.32434154,-.84325904,-.1300835,-.68034512,-.6716252,-.62655008,-.57897925
-.49361396,-.60185766,-.77454972,-.93375093,-.61460161,-.59476757,-.65074366,-.5589267,-.72127259,-.74321836,-.65743488,-.72720301,-.65872335,-.80345994,-.88402843,-.82809365,-.83569616,-.5463022,-.75444692,-.66837573,-.6458618,-.9123342,-.69096178,-.65349513,-.62762129,-.55551457,-.60467541,-.88312179,-.47440758,-.52674049,-.96279168,-.58803642,-.78762221,-.769844,-.70866144,-.4868497,-.84145153,-.32434154,-.72806293,-.065132968,-.62176055,-.62588179,-.55520803,-.59752703
.8296833,-.201401,-.60876423,-.58431852,.12945053,-.34136635,-.60851121,-.38038519,-.46584666,-.57596779,-.46639135,-.4904559,-.25628877,-.80345994,-.66844553,-.46381912,-.87169403,-.54019123,-.51036257,-.51434731,-.76346922,-.60608763,-.49592069,-.59442025,-.64487773,-.44184136,-.25621992,-.80487281,-.50792658,-.52674049,-.75752157,-.54724878,-.81945264,-.66672188,-.59159851,-.40879166,-.53155196,-.22648489,-.81416065,-.14580438,-.49363032,-.38038856,-.61203229,-.59752703
.2880567,-.55152231,-.56353706,-.2301679,-.44617966,-.57374424,-.58307737,-.64251977,-.43580127,-.45640656,-.66231817,-.5560289,-.36666495,-.7430957,-.61421406,-.6991328,-.83668,-.54812855,-.041752636,-.53908205,-.64907604,-.74207687,-.57893497,-.61310095,-.32716823,-.33436415,-.46380082,-.80098158,-.68516183,-.52674049,-.81224257,-.56726557,-.72871953,-.44007972,-.46782559,-.34663019,-.50117409,-.22467591,-.79158497,-.18999957,-.55388522,-.50158346,-.62761569,-.58839506
1.0370284,-.36023369,-.46261165,-.36259708,-.048968926,-.54893893,-.54725331,-.64471143,-.44090939,-.41583315,-.3221381,-.031968158,-.080577083,-.7439537,-.4486413,-.44476432,-.73362863,-.43920854,.11822997,-.47166336,-.70708561,-.65696836,-.43242374,-.38287598,-.42884684,-.33901885,-.28098699,.75987792,-.48277554,-.52674049,-.69399983,-.56756079,1.9383508,-.44666186,-.36227211,-.4877007,-.067149915,-.29159188,-.77721375,-.13877705,-.21486112,-.23556636,-.59479982,-.58852488
.91853273,-.13077651,-.3334443,-.47454363,-.080787301,-.34338096,-.30126587,-.51877201,-.30161923,-.22021469,-.32890007,-.10386312,-.007228672,-.55474919,-.52840012,-.52659732,-.79956222,-.49835292,.042045254,-.077883586,-.5867247,-.49977073,-.22780742,-.34473366,-.43472949,-.16475119,-.27033022,-.48538417,-.55523711,-.52674049,-.34896344,-.55237842,1.7619898,-.50248504,-.5693543,-.36251295,-.52602446,-.18746196,-.76508844,-.16846597,-.016141498,-.29582873,-.57259524,-.53168303
-.41949654,-.44966108,-.54441851,-.6733622,-.64697951,-.73702884,-.4390862,-.62623411,-.60974878,-.58567554,-.54788554,-.38743323,-.1745749,-.26953956,-.11696558,-.80983281,-.87169403,-.48993114,-.00018831393,-.33526444,-.76346922,-.79176599,-.41939813,-.5048998,-.46118385,-.39505404,-.28677112,-.39909002,-.56566101,-.52674049,-.77251697,-.57272661,.24742468,-.61643928,-.53446782,-.48529053,-.64374411,-.21414909,-.80496538,-.13212873,-.37749347,-.55477905,-.56352776,-.57733405
.51301259,-.23895872,.71941698,-.017436214,-.24766493,.18890339,-.2045365,-.29245555,.82406461,-.52583086,1.8478732,.80499864,1.2176381,-.44153649,1.484151,-.44210818,-.87169403,-.5625158,.67963511,.090870932,-.45171365,-.46979257,.60294902,.49489364,-.40110451,-.28606483,2.0546291,-.17402458,-.0088111162,-.51415461,-.71001297,-.55029863,.9283185,.51028585,.33893669,-.46367773,-.51640356,-.070830911,.087668061,-.0725106,.69720101,-.25127679,-.39723769,-.53779751
.72303045,.3504723,2.7220018,.13225228,.31170875,-.10888772,-.16313232,-.31141743,4.4579496,.31105098,4.1780591,1.5948915,2.0726771,-.42348132,1.6518493,-.49767959,-.68802321,-.51570988,1.7972162,.18851277,-.22341096,-.41493627,1.6507639,4.8712339,-.29356262,.20609473,1.1655009,2.1784704,.1035078,-.52674049,-.26764542,-.57350892,1.5526803,2.400394,.42814419,-.46532664,-.023972057,-.010655968,1.1947716,-.13890074,1.607168,.00031280177,-.48040175,-.31010965
2.2613389,1.7731776,2.0847151,2.1678019,2.0804195,2.7184148,.61924952,.87291175,2.8108032,1.3962526,3.0218396,1.8702416,2.9460809,-.44395316,.80057663,.65128738,-.11340158,-.51257938,2.170464,1.8509132,2.519074,.72531229,2.5101304,3.684428,2.6587474,2.4548628,.75792968,3.1168292,1.3276223,-.48923504,1.2892047,-.49807048,1.5651263,1.0825025,.78786302,-.24618874,1.7757734,.14332022,1.9986383,.18199776,4.1882048,1.8654623,.046171866,.025445396
2.8532593,6.2516298,1.2680273,4.8682117,3.8781159,2.9922557,1.809916,1.824401,1.4312041,3.5384071,3.5298455,2.5835598,3.7554877,-.085153297,1.1328888,4.1893754,-.11775445,-.31847507,3.1607809,4.6251183,5.199995,3.2457387,4.2765622,3.7208638,4.1687775,5.49085,1.6235073,3.600898,2.5024354,-.52674049,1.1915097,-.46249327,2.3747685,2.6234245,3.1618223,-.14284205,4.3112993,2.8759067,2.3268487,.12482843,4.1222768,4.7229099,.50806719,-.14216468
2.4675431,3.6352141,1.137954,3.1160026,4.0918169,2.7992616,1.8005108,1.4930398,1.4688666,1.3313382,2.2531593,2.3396666,3.1460423,-.43674022,.99576205,3.6853704,-.16264646,-.33733925,4.1322775,3.0227926,1.3213851,3.329601,2.3363407,2.7830865,5.8730431,1.6649475,1.294158,2.457751,2.1240537,-.46439421,.50418365,-.49456599,2.792294,3.4979124,3.4729962,-.37176779,4.6802807,9.9912395,1.8378178,.063992679,3.3954949,4.8496251,.32189178,-.31397456
1.8682022,.95700842,2.1835628,1.3797638,1.9444441,.42770046,.80575567,-.054751173,.43452933,.51138914,2.9737177,2.2111843,3.1415257,-.65822345,1.1612084,1.6336738,-.53471875,-.47908044,3.1719577,2.2402449,.61268127,.64423549,1.4109616,1.2150278,1.5323603,2.2961919,1.3994344,2.0107358,.99837792,-.082288951,-.53479654,-.4769817,1.1196454,2.3946986,1.8241503,-.12040934,1.9364561,.63484061,1.0621663,.056810483,1.7789029,2.2334776,-.0089053549,-.49499339
3.1521645,1.7753786,4.2272353,1.6379865,3.1637616,.82441688,1.360655,.71262211,2.3942621,.44429654,2.1580977,3.4466941,3.8330591,-.04711299,2.1930325,1.7752448,.22509579,-.36589178,2.7142313,5.3267841,2.1927402,1.7827137,3.5388978,2.6436586,2.20293,7.2203636,2.3372362,1.6036732,1.9300946,-.40016261,.08796984,.062594548,2.1162491,2.8391962,1.726442,.75246638,1.9613748,.19598405,1.0410801,-.0033924722,2.8482859,2.9171963,-.078781769,-.096936114
6.5825949,2.9175189,2.4422753,2.7041354,3.1911323,1.2115432,1.406364,.82735485,2.7864864,1.0163805,3.2187159,2.9700227,2.026197,-.4752982,3.5553091,2.8639092,1.4124924,.33337393,2.6987753,1.7767406,1.1799127,1.2056577,2.6143272,2.3414073,1.86239,3.1328583,3.1568444,1.7817825,2.5326076,-.30706343,2.9436097,.19297695,2.097014,2.8981144,2.640753,-.097515076,1.1446077,-.0082811378,1.3110448,.20238425,3.0791943,2.8521235,-.25360119,-.23760387
3.1816797,1.1146127,2.9189932,2.4221284,2.8934112,1.3489784,.55666608,.30993158,3.1678147,.28577098,2.3317847,3.187269,2.2997239,-.39084607,2.6716802,1.5011322,.80365086,.072359942,3.0349746,.77376968,-.059738476,.75675404,2.7453594,2.6520822,1.9217926,1.1288604,2.2681439,2.2085438,2.3108265,.057247974,1.9823983,.13131292,.72114956,3.6801205,3.2671459,-.39754757,1.8822758,.038994048,2.8481221,-.0038581393,3.5081296,2.0777445,.26446268,-.39778122
1.0826663,.98236543,1.4030472,.25388479,1.2176645,.017704621,.07042259,1.1422297,1.1932052,-.12063801,.51160663,1.0236396,.94216764,-.31005445,.39841712,.30438596,.18503638,.46113527,.7164399,-.036816943,.027707476,.10989206,1.0545956,.57710147,.63099426,.44350466,.55525631,.65610355,.95060468,-.076669499,.42760763,-.28330931,-.39895427,1.4027971,1.1560355,-.35578027,.33801323,-.19901127,.30788228,-.084459722,1.0894669,.93216097,.27367613,-.52862602
.25962618,.1875834,.29853985,-.22562699,.041700888,-.3722887,-.28086731,-.16865271,.23645908,-.3460052,-.29674667,-.012720567,-.21136913,-.27657202,.2129911,-.14403445,-.34195411,-.051184591,.037118413,-.4426302,-.63033885,-.49494269,.09567409,.2546941,-.21512151,-.28072637,.0089344718,-.36666316,-.066473216,-.36550266,-.23996474,-.46717137,-.55553073,.1315698,-.037578601,-.17983764,-.099231727,-.24701455,-.47335058,-.13293664,.18499328,.06326481,-.21746548,-.53376061
-.21041115,.20364219,.13554075,-.17613915,.22888096,-.41936034,.039921399,.2563253,.077465855,-.13277629,.02111874,-.0099936156,.042592585,.22718498,.52455449,.18517585,.084820084,-.074088976,.096525513,-.094589792,.21309148,-.44818434,.033638269,.062320035,-.26798895,.20135401,-.21229894,.10714757,.36291331,-.44789121,-.2251066,4.8654761,-.26711047,.12994069,.11544349,.54553241,-.16699567,-.28652674,-.11171197,-.15399919,.39498901,.48715982,-.32551447,-.24411559
.67272139,.63713855,.6874451,.080512539,1.0410382,1.0084364,.49533466,.14521089,.34778655,.28487745,.073909335,.69794053,.27798197,.39061096,1.073426,.89472288,.30982721,.089178681,.62375051,.17067537,.83381659,.38228998,.74381644,.32922164,.43598723,.32084575,.0088063981,.5811649,.73932779,-.19088696,.34339291,6.6223187,-.067619704,.605551,.36506417,.54557621,.58854073,-.09240105,.73801941,-.14505115,1.2608672,.98611104,.16135992,-.16186579
.059733044,.21158437,.10882692,.030222815,.67966956,.96778554,.0649058,-.25994557,.65045506,.12123939,.23947316,.11219941,-.0063790921,-.06796889,.0093786335,.32629988,.062803715,-.085149288,-.035735447,-.11131819,.69669253,-.29153246,.10329487,.42561281,-.181363,-.24183905,-.055940859,.87531346,.053713005,-.39276764,.084599689,3.8628886,-.49249095,.15004475,.11570469,.0525872,.18181501,.061165385,.28801489,-.1854198,.32354563,.36319152,-.33818927,-.046496969
-.30130783,-.36537838,-.45485699,-.49385503,-.28525391,.14334586,-.22635226,-.66403103,-.13547857,-.48483896,-.37085024,-.48598048,-.23393153,-.041633245,.33817238,-.19623476,-.42979962,-.35744205,-.43598679,-.47878459,-.36973339,-.45136121,-.41284713,-.37321621,-.51178902,-.46408966,-.14618774,-.72020513,-.06658262,-.43401688,-.25339386,1.2945905,-.70887429,-.18060021,-.38282734,-.092177883,-.37029964,-.32434154,-.12521601,-.15368482,-.23749302,-.29680064,-.46020734,-.26225498
-.3690708,-.45217499,-.54140282,-.082160383,-.62388051,.26753497,-.38913915,-.34719968,-.40403956,-.50653911,-.43077904,-.56516767,-.41241473,-.34591007,-.33096746,-.50193822,-.38172495,-.36407885,-.49784696,-.51312679,-.096485429,-.68202913,-.32157549,-.41708833,-.68489748,-.27996382,-.48343557,-.81536692,-.43160191,-.47288698,-.38426536,.25163788,-.61947221,-.57915002,-.64110565,-.2026352,-.64408171,-.20811898,-.45090201,-.16111954,-.29211745,-.44498435,-.55626905,-.054427873
-.48892641,-.60333622,-.43359932,-.53260463,-.46756354,1.0420732,-.32755274,-.3485758,-.43308896,-.35990492,-.29732198,-.50802177,-.26453587,-.031515196,-.41880253,-.44625849,-.30181339,-.37563637,-.39727443,-.54962111,-.63048083,-.69242942,-.2396654,-.49271622,-.36056322,-.34124306,-.3375248,-.56674355,-.14423056,-.44620755,-.71466589,-.080944702,-.88126504,-.47247401,-.39639434,.35758528,-.24247514,-.24709703,-.38902318,-.13703226,-.20834538,-.33997139,-.43714866,-.26841858
-.67972702,-.42122722,.096672967,-.62598205,-.10315911,-.025746349,-.47718579,.060173545,1.0421754,5.1346951,.54826117,.4419702,-.17104445,-.46799448,3.7237484,-.17706095,.023398649,.76984882,.017030219,-.5067215,-.25489071,-.7128675,.2521773,.23368868,-.38915473,-.4894242,.43660954,-.25285971,.3501004,-.11610496,-.038750228,.019898878,-.25774804,.53796917,.60117817,-.26163304,-.48286206,.15568504,.048992027,-.12409643,.34501478,-.14785817,.37058711,-.40467897
-.67084694,-.25958019,-.10395165,-.75038624,-.31606808,-.625516,-.24853888,-.17918344,-.00015215542,3.1580565,-.27264515,-.080249362,-.35247499,.26718393,2.0275109,-.34381515,.25015324,.17315224,-.14254518,-.49719575,-.37077475,-.73495567,.038408753,-.10483065,-.61984986,-.34628183,-.13740844,-.32847646,-.1081952,-.15682705,-.54278624,-.16021793,-.58216763,.029440077,-.032459512,-.27738774,-.62876862,-.020219821,.20676351,-.15379003,-.010756329,-.29718247,-.088210732,-.47213253
-.58400291,-.6969673,-.41420162,-.71762609,-.66280043,-.68921846,-.48839599,-.61597735,-.59859312,.18467963,-.56449628,-.72516698,-.59126449,-.16666038,-.64573687,-.53735048,.031217607,-.38456202,-.68183517,-.63238436,-.29417148,-.86895996,-.52943254,-.69133198,-.97478354,-.41940716,-.48218858,-.76407677,-.42592621,-.37787923,-.85771221,-.23095657,-.94426614,-.5991894,-.72919554,.034680266,-.59408081,-.09069702,-.59769475,-.16501692,-.55256301,-.55159414,-.37474537,-.5011915
-.6077702,-.69912189,-.46566713,-.34607157,-.54469359,-.19773252,-.3705003,-.6625784,-.40613467,-.46797892,.70934635,-.60784233,-.45606303,.071730472,-.56297159,-.35838348,-.46557358,-.43003428,-.53206778,-.52368194,-.36542261,-.8273595,-.42872676,-.46846801,-.75877535,-.3819623,-.16075136,-.56777638,-.29935849,-.47317547,-.78846401,-.30696741,-.83332962,-.49494949,-.68788284,-.1576132,-.67002034,-.016074847,-.56002676,-.15727103,-.45955423,-.32533562,-.35822937,-.48101547
-.63153148,-.67395419,-.1146994,-.70332074,-.66540301,-.54236382,-.44967344,-.62926847,-.11873512,-.42666042,-.4271946,-.63143033,-.42904726,-.11516286,-.29216164,-.62438065,-.14925274,-.38120353,-.55286413,-.54731745,-.45290828,-.74814612,-.40783882,-.39291731,-.67357016,-.493384,-.30435795,-.31693512,-.26211056,-.48912761,-.60973674,-.39255187,-.61316121,-.31982499,-.35558313,-.17991848,-.40783727,.28896791,-.7696079,-.17463996,-.498463,-.50924355,-.41699493,-.44877541
-.7162956,-.32785606,-.31739697,-.30772677,-.4581109,-.25983465,.0070041833,-.53863692,-.47437549,-.44206467,-.51290476,-.48338652,-.06234419,.91411674,.028131647,-.6529364,-.051233687,-.42662731,-.51742339,-.47988376,-.1890769,-.84848553,-.49549085,-.43108162,-.49080297,-.45028609,-.1821862,.3720926,.092581272,-.47520995,-.73370647,-.13995555,-.67528385,-.26243728,-.57267851,.14327848,-.36681244,.23170523,-.66005963,-.17025286,-.43968928,-.43479547,-.4475604,-.27145785
-.2355608,-.28878263,-.22530128,.42894992,-.56864357,-.49216551,.20717272,-.35206208,-.41831964,-.46376628,-.50198859,-.42392692,-.11426611,1.9817741,-.081544958,-.5210973,.30326119,-.45733035,-.31938803,-.46086928,-.16367924,-.81868368,-.21627097,-.33756712,.064777985,-.51724267,.1347287,.37848628,.27491483,-.51463342,-.82681358,-.20323442,-.41306868,-.32043493,-.33891758,.2306394,-.49478385,.024038393,-.58760244,-.13528964,-.39043531,-.38490403,-.44455549,-.2432079
-.53088361,-.15563844,-.13072808,-.4321152,-.24114126,-.74474943,-.085297473,-.3868233,-.38756704,-.49582592,-.28170627,-.31831384,-.23800786,.51237983,.42850718,-.40678397,-.2015256,-.4354009,-.26973146,-.4475846,-.15527916,-.53577906,-.28360942,-.21813533,-.58141142,-.36860475,.0509606,-.4682548,.23558214,-.4776341,-.88840568,-.057965409,-.47651535,.022553159,-.34948215,-.29366851,-.74683738,-.25368974,-.36751646,-.10497882,-.34818584,-.42640758,-.47748008,-.16056319
-.19354504,-.18402617,-.12979268,.16176802,-.29331425,.68769896,-.17128474,-.30063593,-.41570011,-.094409108,-.43467045,-.39559633,-.37615204,.57095081,-.3733736,.18566014,.75741029,-.19947763,-.15943547,-.35671386,1.0484085,-.35020047,-.15481614,-.55083966,-.30326933,-.098795027,-.26127619,-.12400469,-.051687341,-.46959427,-.071368404,-.19050713,-.48424703,-.18803035,-.13092808,-.14915136,-.083097674,-.19279096,-.016633613,-.12481651,-.17356931,-.33231205,-.30594447,.2251208
-.41376182,-.17744131,-.12397423,-.36038256,-.19686374,.54413146,-.077871822,-.28788507,-.30864191,-.19335599,-.36552879,-.3728559,-.37624425,.2385204,-.43404633,.33194536,-.018428558,-.25484487,-.2336918,-.29026401,.049602445,.061163023,-.12739854,-.2634638,-.22192807,-.32932624,-.28595015,.50842267,-.12840575,-.38606429,.020992087,.023584398,-.28156483,-.20726457,-.029324679,-.32373333,-.11978085,-.12194367,-.43526307,-.15121795,-.26698223,-.17266566,-.5395487,2.2583873
-.41372499,.30919078,-.15948002,-.42262241,.025087643,1.1903609,.1635417,-.30281842,-.37014514,.095782317,-.23659803,-.24942257,-.24000724,.71363944,-.27864674,1.043478,1.4404291,-.091475971,-.17372601,-.17808455,.30760017,-.247591,-.13137636,-.27749354,-.15315665,.22147372,-.31659964,.75951523,-.086822636,-.34467715,1.1902449,.5174191,-.12910429,-.15466531,-.1728591,.027671438,.59571654,-.029654888,-.30920649,-.15245791,-.048763618,.033934984,-.5948205,6.0177045
-.72642761,-.30466142,-.25493997,-.37078339,-.33456299,-.39035395,-.16016763,-.5650779,-.48324862,.78045928,-.60403824,-.42285943,-.46829545,1.1915534,-.49027488,.2012732,-.030094637,.66091681,-.34781462,-.33206519,-.53433919,-.5025847,-.25450355,-.42002207,-.48184285,-.38565522,-.40926498,-.070651986,-.32471392,-.098919325,-.08971186,-.21360004,-.41999784,-.27243015,-.33212936,-.22553472,-.21447039,.0083762016,-.40704474,-.15874082,-.28152755,-.27988884,-.1469059,2.5211477
-.81274617,-.7053929,-.51305562,-.79974604,-.65052253,-.30505091,-.43827847,-.452584,-.53375888,-.39053553,-.57752478,-.60984409,-.58973521,.33420295,-.51897931,-.46223181,-.14233454,-.24470039,-.5982669,-.4467006,-.42305991,-.85990709,-.58125633,-.59291053,-.57943189,-.30281571,-.53741115,-.3774012,-.51145071,-.4580273,-.4732917,-.17597334,-.59376919,-.40707159,-.45340592,-.32797927,-.44511485,-.19252676,-.72117615,-.17626989,-.5855642,-.46611959,-.40716341,1.2231793
-.76312685,-.57866019,-.52749711,-.94093454,-.53766286,-.39737713,-.48229346,-.37748936,-.53461504,-.44891831,-.5497337,-.58631855,-.51302361,.061913025,-.37408844,-.57347035,-.49089983,-.18164331,-.52897084,-.4252944,-.53727293,-.73917365,-.50222778,-.50876772,-.55010438,-.49143106,-.44894233,-.42188242,-.45793635,-.46966705,-.50662148,-.30053693,-.66483229,-.17062807,-.49337235,-.30868289,-.52779269,-.25865,-.52359605,-.15575729,-.51377183,-.42750424,-.59450227,.77481633
-.65869105,-.46891421,-.58986837,-.57361293,-.18369675,-.32944974,-.47801661,-.64229912,-.57923812,.14488739,-.40100294,-.539581,-.4064436,.042849507,-.5643757,-.44459322,-.41585991,.18658081,-.41373023,-.25176901,-.19068465,-.50263095,-.38953704,-.44147506,-.32618922,-.35115522,-.066403463,-.156596,-.27445519,-.36487365,.16131134,-.3314963,-.51805449,-.29102388,-.31291962,-.16513205,-.45952478,-.19126385,-.55342484,-.16916038,-.44659996,-.32595825,.0075251441,1.3046386
-.52417153,-.27088615,-.59307641,-.76390547,-.51131499,1.0187708,-.39475214,-.47670561,-.32281128,-.22785841,-.62570858,-.49235639,-.52630782,-.23970103,-.47421184,-.058692727,.00032199145,.022827985,-.46250659,-.25463372,-.288647,-.55076861,-.47484177,-.36399072,-.14005135,-.32201943,-.26694974,-.57043177,-.31926101,-.32306978,-.24515106,-.31502116,-.47921035,-.40340233,-.46603253,.055970374,-.056544591,-.25539303,-.55449343,-.15388764,-.4943848,-.40316325,-.37604296,.93761927
-.34425965,-.14080052,-.31340086,-.62704092,-.27747512,1.9380879,-.35558328,-.40481094,-.35674044,-.25123373,-.3649337,-.50328267,-.4505558,-.31249619,-.18275833,-.19850121,.16063891,.17042758,-.46684706,-.16919357,-.1819693,-.50831026,-.46450624,-.43691,-.37898985,-.17120446,-.20294981,-.62304038,-.0010673282,-.20981883,-.35986072,-.23608567,-.62153608,-.074564837,-.36044282,-.20081693,.33741283,-.25679028,-.63876104,-.10886208,-.36472821,-.30381349,-.13858788,.99006689
1.5451301,1.5106032,1.9915904,1.0759848,3.3214698,6.6033125,1.0815786,.35446352,2.9014146,3.7225547,1.0669663,1.485629,.59167504,.93916404,.046985127,2.7662988,4.3565912,7.1421967,1.4656262,3.3191464,1.2293317,1.1324868,2.6670599,.70707637,2.3316588,1.3112133,.082153067,2.4419341,2.0006633,4.0015116,1.5260949,.54228508,1.81598,1.7151382,1.7695534,.67370421,3.8189662,.73393649,.5527873,-.1209817,1.3358662,2.0384216,2.1018414,4.5658979
.86644644,1.6432743,1.4872603,2.4287498,2.5039246,2.4751489,.9707914,.74794072,1.1248705,3.3698957,1.1370945,1.5300151,.68173146,1.4642518,-.020872785,4.3206139,2.2501335,4.019402,2.6286838,2.6528802,.78360277,1.7790644,2.0953434,1.6381123,2.0414066,.80577272,.069229595,4.0961528,1.6750002,3.3016238,1.3549502,.72286731,1.8070705,1.249325,2.9627182,1.0237274,3.5028455,.57425439,1.2948909,-.082311384,1.2258028,2.1521449,2.3084846,3.2630558
.045084808,.20452139,-.23845987,.10667334,.20608956,.21815763,-.024459323,-.0043964819,-.47508442,.5373233,.17602348,.13999721,-.22404429,.09608122,-.32661459,.74079072,.92753065,1.0282695,.22007351,.25017893,.0006947646,.08387056,-.035302632,-.25765836,.2669898,.13524356,-.2435766,2.5098798,.41386119,.69539386,-.02874407,-.18956839,.059927374,-.12266955,.0027731126,.050549902,.6670078,-.11948568,.13532868,-.15070486,-.15562801,.30304936,.061222628,2.1898346
-.35149509,-.34959731,-.23922881,.1000158,-.21074101,-.20487916,-.23393203,-.021826278,-.26540643,.090384044,-.13738087,-.22760016,-.34035072,.16730139,-.26565084,-.13177827,.28967103,.61883795,-.04261484,-.14982577,-.53351432,-.3919625,-.24326798,-.46188265,.051355653,.065739699,-.0096472139,1.4842124,.070729658,.29716903,.7018137,-.17745724,-.23455341,-.12122174,.25035805,.11913218,.055000961,-.12399223,-.3129448,-.13421999,-.24615696,-.18995817,-.19660753,.36622569
-.35096461,-.0080639832,-.098460309,.60438061,.48574635,-.07457412,-.079169899,.033931021,-.23198044,.47444078,.89455503,-.1062154,-.16458988,.408618,-.33100596,.79235995,1.1860451,.60561961,-.065791488,.33046314,.02085367,.81688869,-.18874028,-.2174845,.024265379,-.1385055,-.036712945,.58053678,.22386058,1.1808444,.3773275,.069774143,.20666386,.058411863,.31152788,.20165291,.34576717,-.12910008,.061933763,-.12554169,-.13002169,.40522844,.025676263,.83360767
-.55951357,-.46559879,-.47479019,-.09371838,-.11688434,-.32715586,-.11649771,-.28007257,-.35939243,.092123546,-.14286211,-.22059204,-.27546287,.8146255,-.39186278,.45293733,.6702323,.57806057,-.29573154,.15064797,-.10639437,.37449917,-.41914302,-.31128019,.00085014926,-.084340349,-.12991256,.010827655,.010461233,.93222851,.5519616,-.2102288,-.21305072,-.21158423,.1335624,.12785454,.23563901,.057311546,-.33036309,-.13371658,-.35170326,-.086339705,-.072684325,.80124611
-.118357,.46612194,.47906795,.80077404,1.703378,.15750578,.9514128,.1179602,.63655609,2.5434682,.71671683,1.118762,.56155241,1.1063464,.061969817,1.3240587,1.9900585,3.165204,.80183554,2.3933296,1.4985147,2.8791487,.91836178,.42451829,.38240647,.33785617,.13802734,.52959239,1.0949326,6.8193126,2.8607688,.26382169,.82489461,.92002589,2.9948182,.90648788,2.2067583,.17199908,1.5853097,-.08376509,.93874389,1.6365848,2.286134,2.789223
.052534029,.10881285,-.20765598,.41593242,.17129882,-.4344551,.073428631,-.29221639,-.12626262,.44570836,.2000808,.1059432,.1222275,.19723932,.50653422,.34447533,.56415963,1.1773729,.038329497,.7403779,-.11471003,.695234,-.14514971,.11738463,.4266358,.1502085,2.0264666,.21918745,1.5278369,1.89089,.86265641,.19728196,.44445494,-.078926183,.53256917,.071556434,.47553086,-.063464053,.99263126,-.090605289,-.074238278,.25928134,.33563769,1.3067571
-.098489769,-.1886041,-.4353106,-.029409951,-.11449881,-.42790067,-.15409355,.19131675,-.37166867,.19680049,.059936341,-.024003256,-.010177555,.13021316,1.1571953,-.093997315,.39713469,.76566273,-.026323976,.16657364,.34869692,.07329005,-.23903129,-.26864895,-.4066245,-.34193429,6.8006668,.12153854,1.3868792,1.1365691,1.6649677,-.22699147,-.26333639,.095495217,-.058883354,-.11645497,-.17106172,-.11880031,-.062515788,-.086204059,-.25193596,-.069670916,-.090248674,.45980641
.04866071,-.48368153,-.32201934,-.59567058,-.49822202,-.53047407,-.37179506,-.4862788,-.47360504,-.29666823,-.0067115924,-.51588261,-.41879204,-.10127569,.035959285,-.57406533,.31887251,.55010855,-.41215083,-.24149333,-.66110981,-.33140561,-.6172272,-.47342017,-.67735666,-.38423449,1.8790877,-.32476729,.23519918,.25840482,-.1226228,-.29066348,-.35192457,-.43907028,-.27038175,-.11160679,-.3970429,-.11625218,-.50794548,-.06315577,-.458956,-.40734217,-.37411803,.18691857
-.51326203,-.59894794,-.62702227,-.35832945,-.64856058,-.35302383,-.46066877,.010012804,-.55449909,-.39688277,-.5936327,-.56230092,-.5475322,-.32340172,-.33619422,-.48668581,-.28547132,-.022361126,-.511172,-.20264456,-.52406573,-.07550326,-.57311291,-.49070039,-.41255552,-.17128158,.2328341,-.47696388,-.2383291,.082150511,.38591188,-.2576687,-.34743467,-.60853618,-.6262005,-.1876366,-.61121535,-.15747638,-.55800307,-.15573248,-.58344954,-.43040839,-.19401513,-.18471919
-.49643922,-.61424601,-.48047498,-.30013549,-.51397634,-.3825103,-.33796656,-.36768225,-.58565801,-.36226669,-.26042178,-.47326401,-.48299992,-.20359604,-.38591874,-.48945379,-.37064809,-.015184768,-.53770149,-.021617454,-.39970255,-.36850914,-.5307259,-.31618533,-.31909096,-.27818173,-.10906916,-.33362687,-.176515,.2534315,-.26641816,-.11467418,-.41207358,-.41720927,-.49437213,-.15577006,-.56957752,-.21869706,-.65523547,-.17692761,-.47940335,-.44423351,-.42366689,-.21275596
-.56870157,-.50365943,-.55888921,-.35202324,-.50157654,-.5536409,-.40295979,.10427829,-.65517128,-.18453641,-.30012587,-.57764018,-.52257013,-.068601064,-.40648055,-.4801195,-.25789139,-.133834,-.58867508,-.2639294,-.37354326,-.11601178,-.45516184,-.47056466,-.52671576,-.20862959,-.075737834,-.38899651,-.21269165,.035461847,.0021063793,-.31157774,-.57737643,-.61451882,-.4828853,-.25289404,-.69476718,-.13021305,-.7626816,-.14956722,-.5384987,-.40935475,-.46249059,-.055017225
-.49829593,-.6336053,-.60162538,.014844979,-.63943142,-.49113831,-.46563712,-.40674824,-.55279976,-.29321808,-.51644272,-.55657446,-.55128157,-.054000147,-.3678689,-.56309557,-.38867062,-.0068034343,-.5332678,-.29189938,-.39525312,-.32259411,-.51938725,-.48564944,-.52509582,-.20216103,-.095319107,-.18727213,-.15300213,.16343039,1.0600059,-.13594595,-.34148499,-.47727537,-.42573267,-.10060185,-.67827201,.042298548,-.45935652,-.091422543,-.55710995,-.45891058,-.34940419,-.26998803
-.69231224,-.44072366,-.51269096,-.17682619,-.47891909,-.63870925,-.3934406,-.45101163,-.49436805,-.56454897,-.472435,-.55426055,-.46899259,.22511525,-.29351759,-.62219691,-.46347982,-.1384605,-.56824875,-.11342219,.0059515066,.029249039,-.58443028,-.39605185,-.48140961,.018262403,-.11097424,-.16940403,-.22213058,-.15399392,-.0077937604,-.047837012,-.11182435,-.42141619,-.40662548,.12376127,-.39552632,-.20516616,-.65416217,-.1343842,-.54314983,-.39874637,-.31191319,-.10614695
-.64985693,-.3354409,-.56622088,-.26056412,-.4371545,-.24057701,-.21002874,-.37077308,-.5508042,-.39065498,-.39294693,-.4694474,-.47635177,.55620897,-.012668368,-.39216155,-.12766546,.13666807,-.38792863,.22581127,.11161524,-.2877773,-.52277869,-.39590392,.045927841,-.03190545,.12500349,-.10425128,.03745826,-.17346093,.17031585,-.0054305005,-.50085902,-.27339298,-.52169067,.244645,.40090996,.014512488,-.67469442,-.11094491,-.47634733,-.24678172,-.46308959,-.015380358
-.24627879,-.36513022,-.47140825,.14665629,-.34360158,-.35465252,.035077769,.10430759,-.57516783,-.2728034,.2278367,-.23764026,-.12180716,1.2878064,2.4200685,-.18946758,-.34556037,.022506332,-.32478079,.34727344,.00049218041,-.19412223,-.43139243,-.29488954,.027048349,.05755952,1.6969277,-.048935037,.83672518,-.22796038,.14605176,.082421727,-.12803349,-.14547575,-.0012096912,.21442264,-.28913543,-.13020673,-.14766259,-.0082136635,-.38365486,-.13236429,-.20971856,-.018153435
-.46634698,.15587407,.089183345,-.10061696,-.18901578,-.33034483,-.069579244,.34424463,-.2393713,.30501175,1.1566632,.40938753,.31582928,.86252815,1.7870291,-.21636069,.83692396,.71652442,.013024652,.92460859,.97523844,.067269556,-.16198982,.33700022,.30709109,.5514707,1.1778117,.11654601,1.7400315,3.2045829,.69213444,.23722489,.40921402,.44524854,.26295748,.23256867,.069615863,.074305162,.91070211,.1865457,-.093661554,-.023571862,.55148333,.36676943
-.59552217,-.24133854,-.16286711,-.11396547,-.28562853,-.29758784,-.19368303,.048199993,-.39122584,.13119863,.042975612,.12326041,-.14475754,.59598488,.81117582,-.45876727,.69275445,.69416171,-.078300029,.42650208,1.1652688,.022935743,-.30588752,-.41676909,-.041351479,.39883661,.30035949,.21362294,1.2776089,1.6340107,.31774825,.24079047,.40101588,-.23169471,-.071986161,.32327279,.14825563,.1517781,.8159191,.38238922,-.26083791,-.22109163,-.29161251,.18772145
-.56058383,-.29123235,-.46085671,-.30635327,-.61321604,-.2615824,-.3476851,.32532421,-.17985012,-.36792508,.031824496,-.36294332,-.36791182,.41099438,.18395716,-.59429348,.057566214,-.072554857,-.41670606,.092814274,.55863982,-.18927811,-.44336075,-.39340734,-.26587367,.10544235,-.10027318,.52636546,.15761903,-.032529891,-.061366752,.04027022,-.041066457,-.14198332,-.27093264,.077895589,-.46113187,-.12524877,-.093411662,.076667175,-.50976747,-.45575598,-.18262237,-.10499131
-.76298958,-.52129155,-.54050475,-.47874749,-.57807863,-.52145869,-.34389672,-.49925634,-.42542449,-.41673607,-.4884198,-.57253784,-.52817643,.23166224,-.27942321,-.72577739,-.15119204,-.27874586,-.64620066,-.18091746,.70773536,-.4385061,-.53518838,-.3561914,-.69131428,-.23328917,-.40063241,-.61097723,-.29635531,-.28916502,-.51652676,-.018153986,-.3030566,-.37906477,-.58308417,.25121048,-.28542218,-.26737291,-.31124002,-.015090479,-.63384724,-.54536664,-.53452879,-.31565759
-.81721359,-.56363928,-.73193502,-.16136199,-.57965523,-.43142998,-.20929612,-.32302541,-.43767941,-.38732803,-.5564431,-.55888242,-.48526862,.46816188,-.52355713,-.56571692,.14250456,-.27896166,-.66781998,-.064944878,.44142285,-.44170353,-.45633623,-.45974848,-.79289186,-.2382482,-.30593655,-.75192189,-.2928974,-.21259044,.21469679,.050063148,-.51515931,-.54546767,-.65653378,.1632954,-.28465158,-.091059759,-.43806699,-.016944714,-.57806826,-.46173054,-.3953023,-.06048857
-.69270051,-.52526492,-.68090928,-.46825558,-.65517509,-.50285637,-.31972238,-.41695416,-.49477324,-.68886405,-.49886695,-.62822956,-.56527472,.30482358,-.55935031,-.65746242,-.24451815,-.35532331,-.61785847,-.097281322,.61962241,-.38579023,-.53652012,-.53067672,-.8162958,-.26049885,-.51528823,-.78496116,-.54509044,-.30959788,-.68308204,.075451821,-.61411077,-.48842105,-.47638416,.21297342,-.41469631,-.29458782,-.60561514,-.13756922,-.64434493,-.54139388,-.61942285,-.28673887
-.6519838,-.48039615,-.67423898,-.67161834,-.55333775,-.48857543,-.15343781,-.51147777,-.59573108,-.56775689,-.48782119,-.67327267,-.53862691,-.077626899,-.70668346,-.63619733,-.15920462,-.22663817,-.52580261,-.052104052,.13588856,-.26088396,-.65870363,-.40501145,-.66611218,-.32706112,-.49174821,-.85673237,-.51044297,-.25977069,-.60855269,.60949636,-.50472993,-.59476388,-.439978,.14355946,-.63830483,-.13997218,-.47288576,-.1421527,-.62326193,-.49950239,-.53764743,-.29345271
-.60738355,-.51015311,-.63669342,-.20984788,-.70116305,-.53612518,.051687595,-.014365016,-.60489863,-.52764487,-.52939165,-.6480599,-.57773626,.71464324,-.71716595,-.53341454,.67316461,-.33453676,-.67114323,.036881909,1.5582218,-.29531226,-.47000882,-.64708126,-.35272324,-.099111915,-.43886742,-.78835291,-.49944934,-.33317018,-.41394466,1.0126643,-.54856998,-.62528431,-.23018387,.13137777,-.13653365,-.23639439,-.56376284,-.15675037,-.6601544,-.46508354,-.56005806,-.19461498
-.61979491,-.47056833,-.6541546,-.2906501,-.53341693,-.33986735,-.22818218,-.16433294,-.36283293,-.62271738,-.47971958,-.56658775,-.55736262,.28585783,-.71226841,-.46842414,3.1779175,-.110429,-.53353542,-.15573874,1.7700011,-.12885645,-.43159813,-.42553973,-.52663589,-.12461495,-.4590309,-.31195781,-.38673049,-.22369307,-.10856838,.30359212,-.43321502,-.47773075,-.33489588,-.062103741,.16546538,-.26984036,-.2382421,-.14796014,-.57879132,-.38843778,-.38688883,-.32037538
-.78532451,-.55532289,-.43248889,-.26984918,-.65085226,-.71313834,-.28771025,.06122322,-.59767783,-.53623372,-.3108156,-.56169116,-.55987221,-.2063463,-.467289,-.58317065,.51371914,-.19979349,-.53146613,-.29409951,.46238619,-.2950055,-.56278527,-.42397618,-.72928709,-.30665025,-.49485135,-.13175419,-.47774374,-.35543275,-.64579028,.06259197,-.48709083,-.61304271,-.52162755,.48720068,-.23174007,-.29695609,-.4902038,-.12772718,-.5899632,-.42075437,-.30059129,-.24372734
-.50812763,-.30318603,-.34495085,-.35137588,-.46892241,-.39594406,-.25993106,.010721377,-.51637185,-.36394626,-.094548725,-.32062224,-.49166742,.086317621,-.74345398,-.37715441,.32351223,.020804115,-.43287781,-.25448719,-.14224832,.22126462,-.4063713,.18820009,-.43229249,-.39441237,-.52937555,-.31682378,-.5495466,.37790394,.39215785,.16394709,-.029561216,-.35709339,-.31369582,.17900018,.28817895,-.29856813,-.38129255,-.16387695,-.40695113,-.26655778,.14149043,-.12286281
.0011918159,-.28221262,-.36699399,.95684654,-.13102007,.084914424,-.26179224,.30572456,-.51303381,-.55990696,-.12952702,-.42494917,-.48813954,.085123189,-.6236459,-.44175643,.42421651,-.035133146,-.53671253,-.19640845,.0063171242,.84871078,-.31468838,-.30948493,.0088099446,-.18341298,-.53562182,-.077633046,-.51295716,.065664299,.18259043,-.011472243,.3151736,-.10853764,-.30062824,.033834368,-.71188539,-.24050654,-.12543869,-.17305039,-.413928,-.11729638,-.033011481,-.25186124
-.51174223,-.55861229,-.64865255,.069296561,-.64719278,-.68333119,-.38380277,-.24635385,-.53359562,-.51183838,-.49553615,-.5607748,-.61643189,-.19509833,-.83119273,-.66504949,-.22475167,.010754484,-.63403851,-.37705037,-.23506846,-.21414077,-.53442222,-.32813272,-.59340614,-.34338415,-.51321602,-.29516101,-.65348816,.016256373,1.2860187,-.082150914,-.2155394,-.60757792,-.52792478,-.10214069,-.71244836,-.2406376,-.47970948,-.17017022,-.59054554,-.4431302,.48413476,-.35977396
-.54870671,-.24699122,-.63120317,-.23730829,-.58092195,-.21218361,-.2763316,-.098318338,-.63732558,-.46997753,-.57371461,-.54398531,-.57971227,-.15720248,-.79259586,-.52470499,-.03547024,-.14665742,-.66729391,-.33550394,-.24533165,-.27681789,-.56307435,-.45952511,-.44788101,-.30698833,-.50991118,-.4150824,-.57179266,.26242667,.050613359,.1018856,-.22295454,-.59806478,-.52212548,-.20939265,-.76980031,-.10546648,.24634655,-.17062272,-.39068571,-.46026185,1.0257853,-.31926894
-.60587651,-.34412891,-.59968311,-.20685762,-.62401569,-.67966104,.13542877,-.43548229,-.61147767,-.50766355,-.36726308,-.58352292,-.60104519,.55930001,-.87171268,-.4139128,.35128692,-.35208049,-.65282536,-.22411706,-.081300676,-.21370067,-.55261993,-.41334879,-.53442734,-.28007975,-.57158107,-.68662012,-.58418947,.24043867,.1734046,.084368333,-.43974245,-.74534947,-.70072925,.0064835004,-.29045582,-.23943545,-.30038965,-.16392779,-.51831561,-.45213538,.0046625338,-.20076738
-.6703375,-.11532702,-.63926464,-.23698303,-.53389472,-.38087243,.31983954,-.29177722,-.60687226,-.30884257,-.27962294,-.52554244,-.61368287,.80432409,-.76248276,-.15477873,1.1463664,-.26444682,-.60225028,-.24229908,.48523065,.37434384,-.30147409,-.46118429,-.46816665,-.28555933,-.52838969,-.52860439,-.65398711,.3504135,.72758877,.03471902,-.1767589,-.69286752,-.62492216,.072060578,-.12843424,-.20829506,-.44117171,-.12685147,-.47984412,-.40745172,-.082533494,-.21474375
-.58391964,-.3430697,-.58298713,-.18979838,-.57528025,-.36261758,.1520375,-.41431206,-.62231821,-.3343111,-.36590788,-.5856657,-.60407126,-.041317541,-.64567614,-.22656576,.138769,.12379653,-.61553591,-.34366313,-.19606711,.16772981,-.51801562,-.432715,-.16998611,-.33542278,-.47319913,-.70602161,-.51141131,-.016549358,-.11424574,-.069787219,-.10578517,-.6024664,-.73259813,-.072219044,-.48366603,-.29438081,-.15777926,-.08089368,-.55686009,-.46278164,.15393081,-.21869229
-.31888264,-.064800084,-.41237578,.38575238,-.49395767,-.38729957,.3421706,-.061169762,-.40659061,-.36222774,-.33867192,-.44567481,-.45198053,.40597257,-.67597812,-.073105209,.33092248,-.13473116,-.56468564,-.27179533,-.1632012,-.0050834911,-.24919046,-.067742683,-.65524119,-.15208063,-.38983563,-.40174675,-.50980622,.057063293,.45632663,-.099219218,.01037333,-.35531443,-.25578338,-.085381374,-.60519272,-.26094925,-.35023084,-.12068735,-.43867242,-.39090669,.67737031,-.031210085
.52248728,.37713534,-.4610393,1.4020373,-.39694813,-.13084099,.92096972,1.4474543,-.30577058,.52905959,-.30358124,-.34323829,-.47301638,.76873487,-.5066362,.45328477,1.3455844,.48703355,-.3414292,-.13102253,.93069059,.24123912,-.18728663,-.15135697,-.28078654,-.028104117,-.43980902,-.48984194,-.40178743,.44022,2.0769463,.31713027,-.04773638,-.50585508,.19274846,-.014518187,.32311758,-.25647742,-.50627559,-.073054947,-.30282155,-.27438945,1.4394594,-.01924229
-.71053785,-.2084938,-.68630648,-.24382979,-.7655313,-.69603491,-.15190728,-.31326714,-.11229069,-.26320612,-.53888696,-.62941372,-.65501058,-.49375334,-.65362698,-.38444155,-.23295964,.17030515,-.53920907,-.44613686,.084287994,-.33296999,-.53863543,-.22912882,-.16040203,-.44567636,-.57100534,-.37984964,-.548226,-.17132984,-.044832461,-.082828224,-.47279227,-.50189626,-.65010148,-.36994341,-.83956945,-.21070884,-.25593746,-.063007191,-.60196763,-.53334683,-.051330872,-.28517589
-.58156067,-.08791212,-.45863071,.0012741527,-.7076934,-.18528314,.38123152,.29435858,-.25832686,-.32629287,-.42617813,-.42246455,-.55328405,.44238791,-.81841654,-.23456694,.49101526,-.054620039,-.6413846,-.31131852,-.22382548,-.27738211,-.30479178,-.41340595,-.49783972,-.47889316,-.52319837,-.05458067,-.5787071,-.11825473,-.41210264,.048867583,-.20079955,-.53178263,-.40970269,.085458674,-.66326797,-.28516096,-.20717168,-.12394843,-.55039352,-.49645925,.37510884,-.14519212
-.67319781,-.0090897847,-.31747383,.37505379,-.48493513,-.42287534,.55338281,-.18970782,-.30182719,.58101583,-.029124156,-.295353,-.4130452,.54924899,-.78540248,.010567096,.23103377,.10672676,-.2677896,1.2712568,.7607432,.081961326,-.16983981,-.093462855,-.74758261,-.1816621,-.51773012,-.13243389,-.5371424,.20047763,.10247289,.61963159,.11387762,-.38710579,-.019760184,.17460418,.73071051,2.4523387,.10321095,-.13886595,-.43042055,-.34189531,-.30172598,-.29886484
-.59814727,-.27578557,-.59809065,.17987522,-.59690267,-.14239535,.19016506,-.2463365,-.68114388,.034841798,-.49147081,-.60065138,-.61293185,.058412828,-.75871599,-.25922668,.086497016,.027671486,-.54732317,-.15219617,.25733706,-.26042125,-.39604056,-.28318718,-.60427415,-.33372393,-.49996614,-.55622149,-.61332816,-.059683848,.079581857,.16160876,-.27519569,-.4844116,-.65578544,-.1725097,-.24727598,.34763631,.2132058,-.1604622,-.56109065,-.43896165,.16029741,-.20637257
-.63664877,-.34261551,-.58062965,.30760241,-.60650414,-.24749076,.027101638,.72455132,-.53730637,.39785716,-.45506874,-.68506384,-.66576105,-.0093715638,-.90523851,-.35353667,.0076479167,-.013472041,-.68947548,-.48220983,-.079453081,-.1454221,-.58708131,-.38321215,-.60219401,-.1465434,-.6065706,-.55387455,-.64648151,.025546571,-.32624894,-.14091823,-.27051929,-.63733017,-.53879595,-.2189015,-.75505829,-.24488123,-.23907582,-.17273355,-.58947486,-.48025993,1.4764407,-.30266166
-.58071691,-.40748143,-.46854642,.28956035,-.47538802,-.29535916,.0026422583,1.7449081,-.49711862,-.19969621,-.36765468,-.59668052,-.56109965,.17279713,-.7506929,-.42427218,-.30542016,-.15105239,-.67891687,-.4207091,.019245857,-.19081183,-.44167331,-.022693854,-.0054876581,-.36165041,-.45607531,-.53529179,-.53306884,.076511607,-.33052701,-.11430088,-.30306131,-.41923755,-.54234713,-.33238259,-.74229568,-.076361798,.020705093,.095548019,-.55989456,-.38323462,1.9050709,-.30214912
-.60845345,-.049451351,-.51676559,.60487753,-.50276273,-.26954708,.1231785,.68717796,-.070537478,.0064283996,-.47770441,-.29121298,-.54137707,-.22252516,-.69745231,-.12054988,-.053341184,.063480541,-.6502434,-.36724636,.10152304,-.14207993,-.52056533,-.4767108,-.32725233,-.40118212,-.46495911,-.48482731,-.50577521,1.0129371,-.19726311,-.16920961,-.28670335,-.49569771,-.43664756,-.23101966,-.70763701,-.18731816,.20830864,-.055221122,-.54762828,-.36160246,1.4716192,-.29620948
-.53457171,-.5477736,-.58479887,.40039638,-.6585077,-.41742292,-.21487658,1.2867241,-.38459376,-.46792313,-.53063589,-.50432456,-.60387135,-.36579177,-.77221709,-.53349841,-.13317007,-.11124977,-.69877726,-.48193663,-.084867485,-.082435809,-.48741269,-.31834331,-.27341521,-.38918614,-.60632104,-.50665641,-.61388332,-.054924469,-.40331361,-.32334936,-.28701293,-.34153819,-.51237702,-.37496173,-.8301307,-.32434154,-.10822294,-.15689932,-.56743544,-.45862302,2.3765368,-.24841556
-.40710336,-.059122272,-.58225179,.080190606,-.487223,-.2511808,.10304498,2.1435995,-.21986091,-.29731593,-.54970175,-.40434185,-.5331288,-.29185236,-.48198617,-.27133501,.36478871,-.29833207,-.63422871,-.36535674,-.11712202,.9073782,-.30797017,-.46944511,.086810268,-.34533897,-.48327616,.19596189,-.46796629,.22345121,-.34716129,-.059917282,.33052388,-.56301022,-.17545719,-.16661344,-.58244771,-.13663051,.062152896,-.13469209,-.5433048,-.29490149,3.6857481,-.13314858
-.21955068,.038072634,-.19680458,.9936682,-.13278991,.13671871,.53042519,2.6098111,-.37172642,-.042474091,-.32415497,-.17137745,-.38374534,-.27000526,-.4989661,-.15037572,.4785381,.17762887,-.40561897,-.2033532,.15555094,.9687714,-.30337158,-.053811051,.83731103,-.13566597,-.33420569,-.18863961,-.24713112,.80891991,-.03005928,.27968812,.47220686,.049228393,-.24134125,-.087424278,-.25307778,-.21758145,.39079008,-.10432554,-.35030675,-.18171738,2.4707174,-.054626279
-.026350847,.14649121,.1141388,1.667362,.056103062,1.7368364,.66999805,6.5582933,-.19891872,-.30482382,-.30745944,-.16422594,-.4279483,.1480103,-.4029434,-.16346465,.6387592,-.13552669,-.35143155,-.22096413,-.0042769709,1.3700148,-.22536673,.075132251,1.5166717,-.318679,-.36630744,-.30396059,-.18096575,.58429599,-.25230113,.11269867,.64239401,.14175078,-.15131956,.22660056,-.83523077,-.10385824,.25585201,-.066900387,-.2067731,-.19516528,5.9863377,.069138743
-.45833728,.94524807,.056053333,1.6224896,.050971981,-.10387359,2.8786635,1.9800597,.39645496,.10772125,-.33931044,.35110456,.0099255051,2.8719466,-.21586575,1.0136533,.62964714,.53355086,1.6243446,.022306928,.31562635,1.2441235,.027451094,.46970552,.96197069,-.12974352,-.2614831,-.13288774,-.23728548,.36434266,.53186446,1.549443,2.5984612,.17699087,.60451108,1.0102463,.32664293,-.15340206,.3311303,-.015055397,.0029786625,.39751142,1.8318202,.38921002
-.27599683,3.0635936,1.4893891,2.545882,1.1688522,1.5408165,4.8744617,3.0427454,1.547714,1.5166881,.6326735,1.7399963,.73754156,5.5916686,-.44358578,2.302434,2.9328885,1.5225188,.95429105,1.5917839,5.6586046,3.7888231,1.2003386,1.2349703,.45283133,.52423906,.074459828,1.6247236,.53877765,.95776039,5.0553594,2.120281,2.3797741,1.2436764,1.0449783,6.8498321,.66324836,.33746374,2.0290258,.13306183,1.177232,1.9950008,.63846231,1.5523847
1.1178238,3.9549661,3.6973863,3.4154608,2.2700922,1.3710684,6.9518013,3.4143486,3.5077245,1.9532245,3.4009044,3.3181119,2.7179303,5.9027486,3.2650931,3.3085501,4.8335047,1.8283141,2.0728977,1.7946122,2.4136772,4.6547894,3.3598866,3.815197,2.2128534,.3912774,3.4624653,2.6366274,6.9548154,2.5516021,3.7445369,3.2835157,5.1001925,3.4181998,2.6943309,7.126555,.96640402,1.1519806,5.9197569,10.502634,2.2111075,2.6906972,2.3185661,1.0426147
.379206,1.6079251,.63188016,1.3831484,.75331372,1.507188,2.9102368,2.3020606,1.1307566,3.0024829,1.8506608,.83783287,.3239035,1.6228479,.13248059,1.5981965,2.3760824,4.07619,.20079437,.39889881,-.056089304,3.4257076,.52275419,.75824344,.97562188,.11973807,.3335388,1.5476751,1.5483924,1.3057034,.94361985,1.252962,3.1036556,1.6549028,.93735147,2.9747853,.27271727,.63436002,3.922529,3.1514232,.47789726,1.1441685,1.8474001,.49422276
