72.415619,72.415619,72.415619,72.415619,72.415619,72.415619,72.415619,72.415619,72.415619,72.415619,72.415619,72.415619,72.415619,72.415619,72.415619,72.415619,72.415619,72.415619,72.415619,72.415619,72.415619,72.415619,72.415619,72.415619,72.415619,72.415619,72.415619,72.415619,72.415619,72.415619,72.415619,72.415619,72.415619,72.415619,72.415619,72.415619,72.415619,72.415619,72.415619,72.415619,72.415619,72.415619,72.415619,72.415619
43.076683,43.076683,43.076683,43.076683,43.076683,43.076683,43.076683,43.076683,43.076683,43.076683,43.076683,43.076683,43.076683,43.076683,43.076683,43.076683,43.076683,43.076683,43.076683,43.076683,43.076683,43.076683,43.076683,43.076683,43.076683,43.076683,43.076683,43.076683,43.076683,43.076683,43.076683,43.076683,43.076683,43.076683,43.076683,43.076683,43.076683,43.076683,43.076683,43.076683,43.076683,43.076683,43.076683,43.076683
43.4799,43.4799,43.4799,43.4799,43.4799,43.4799,43.4799,43.4799,43.4799,43.4799,43.4799,43.4799,43.4799,43.4799,43.4799,43.4799,43.4799,43.4799,43.4799,43.4799,43.4799,43.4799,43.4799,43.4799,43.4799,43.4799,43.4799,43.4799,43.4799,43.4799,43.4799,43.4799,43.4799,43.4799,43.4799,43.4799,43.4799,43.4799,43.4799,43.4799,43.4799,43.4799,43.4799,43.4799
49.491287,49.491287,49.491287,49.491287,49.491287,49.491287,49.491287,49.491287,49.491287,49.491287,49.491287,49.491287,49.491287,49.491287,49.491287,49.491287,49.491287,49.491287,49.491287,49.491287,49.491287,49.491287,49.491287,49.491287,49.491287,49.491287,49.491287,49.491287,49.491287,49.491287,49.491287,49.491287,49.491287,49.491287,49.491287,49.491287,49.491287,49.491287,49.491287,49.491287,49.491287,49.491287,49.491287,49.491287
76.692307,76.692307,76.692307,76.692307,76.692307,76.692307,76.692307,76.692307,76.692307,76.692307,76.692307,76.692307,76.692307,76.692307,76.692307,76.692307,76.692307,76.692307,76.692307,76.692307,76.692307,76.692307,76.692307,76.692307,76.692307,76.692307,76.692307,76.692307,76.692307,76.692307,76.692307,76.692307,76.692307,76.692307,76.692307,76.692307,76.692307,76.692307,76.692307,76.692307,76.692307,76.692307,76.692307,76.692307
54.05724,54.05724,54.05724,54.05724,54.05724,54.05724,54.05724,54.05724,54.05724,54.05724,54.05724,54.05724,54.05724,54.05724,54.05724,54.05724,54.05724,54.05724,54.05724,54.05724,54.05724,54.05724,54.05724,54.05724,54.05724,54.05724,54.05724,54.05724,54.05724,54.05724,54.05724,54.05724,54.05724,54.05724,54.05724,54.05724,54.05724,54.05724,54.05724,54.05724,54.05724,54.05724,54.05724,54.05724
40.733101,40.733101,40.733101,40.733101,40.733101,40.733101,40.733101,40.733101,40.733101,40.733101,40.733101,40.733101,40.733101,40.733101,40.733101,40.733101,40.733101,40.733101,40.733101,40.733101,40.733101,40.733101,40.733101,40.733101,40.733101,40.733101,40.733101,40.733101,40.733101,40.733101,40.733101,40.733101,40.733101,40.733101,40.733101,40.733101,40.733101,40.733101,40.733101,40.733101,40.733101,40.733101,40.733101,40.733101
34.413788,34.413788,34.413788,34.413788,34.413788,34.413788,34.413788,34.413788,34.413788,34.413788,34.413788,34.413788,34.413788,34.413788,34.413788,34.413788,34.413788,34.413788,34.413788,34.413788,34.413788,34.413788,34.413788,34.413788,34.413788,34.413788,34.413788,34.413788,34.413788,34.413788,34.413788,34.413788,34.413788,34.413788,34.413788,34.413788,34.413788,34.413788,34.413788,34.413788,34.413788,34.413788,34.413788,34.413788
32.829559,32.829559,32.829559,32.829559,32.829559,32.829559,32.829559,32.829559,32.829559,32.829559,32.829559,32.829559,32.829559,32.829559,32.829559,32.829559,32.829559,32.829559,32.829559,32.829559,32.829559,32.829559,32.829559,32.829559,32.829559,32.829559,32.829559,32.829559,32.829559,32.829559,32.829559,32.829559,32.829559,32.829559,32.829559,32.829559,32.829559,32.829559,32.829559,32.829559,32.829559,32.829559,32.829559,32.829559
30.923229,30.923229,30.923229,30.923229,30.923229,30.923229,30.923229,30.923229,30.923229,30.923229,30.923229,30.923229,30.923229,30.923229,30.923229,30.923229,30.923229,30.923229,30.923229,30.923229,30.923229,30.923229,30.923229,30.923229,30.923229,30.923229,30.923229,30.923229,30.923229,30.923229,30.923229,30.923229,30.923229,30.923229,30.923229,30.923229,30.923229,30.923229,30.923229,30.923229,30.923229,30.923229,30.923229,30.923229
30.885345,30.885345,30.885345,30.885345,30.885345,30.885345,30.885345,30.885345,30.885345,30.885345,30.885345,30.885345,30.885345,30.885345,30.885345,30.885345,30.885345,30.885345,30.885345,30.885345,30.885345,30.885345,30.885345,30.885345,30.885345,30.885345,30.885345,30.885345,30.885345,30.885345,30.885345,30.885345,30.885345,30.885345,30.885345,30.885345,30.885345,30.885345,30.885345,30.885345,30.885345,30.885345,30.885345,30.885345
52.696037,52.696037,52.696037,52.696037,52.696037,52.696037,52.696037,52.696037,52.696037,52.696037,52.696037,52.696037,52.696037,52.696037,52.696037,52.696037,52.696037,52.696037,52.696037,52.696037,52.696037,52.696037,52.696037,52.696037,52.696037,52.696037,52.696037,52.696037,52.696037,52.696037,52.696037,52.696037,52.696037,52.696037,52.696037,52.696037,52.696037,52.696037,52.696037,52.696037,52.696037,52.696037,52.696037,52.696037
53.76284,53.76284,53.76284,53.76284,53.76284,53.76284,53.76284,53.76284,53.76284,53.76284,53.76284,53.76284,53.76284,53.76284,53.76284,53.76284,53.76284,53.76284,53.76284,53.76284,53.76284,53.76284,53.76284,53.76284,53.76284,53.76284,53.76284,53.76284,53.76284,53.76284,53.76284,53.76284,53.76284,53.76284,53.76284,53.76284,53.76284,53.76284,53.76284,53.76284,53.76284,53.76284,53.76284,53.76284
49.213394,49.213394,49.213394,49.213394,49.213394,49.213394,49.213394,49.213394,49.213394,49.213394,49.213394,49.213394,49.213394,49.213394,49.213394,49.213394,49.213394,49.213394,49.213394,49.213394,49.213394,49.213394,49.213394,49.213394,49.213394,49.213394,49.213394,49.213394,49.213394,49.213394,49.213394,49.213394,49.213394,49.213394,49.213394,49.213394,49.213394,49.213394,49.213394,49.213394,49.213394,49.213394,49.213394,49.213394
199.27412,199.27412,199.27412,199.27412,199.27412,199.27412,199.27412,199.27412,199.27412,199.27412,199.27412,199.27412,199.27412,199.27412,199.27412,199.27412,199.27412,199.27412,199.27412,199.27412,199.27412,199.27412,199.27412,199.27412,199.27412,199.27412,199.27412,199.27412,199.27412,199.27412,199.27412,199.27412,199.27412,199.27412,199.27412,199.27412,199.27412,199.27412,199.27412,199.27412,199.27412,199.27412,199.27412,199.27412
269.59604,269.59604,269.59604,269.59604,269.59604,269.59604,269.59604,269.59604,269.59604,269.59604,269.59604,269.59604,269.59604,269.59604,269.59604,269.59604,269.59604,269.59604,269.59604,269.59604,269.59604,269.59604,269.59604,269.59604,269.59604,269.59604,269.59604,269.59604,269.59604,269.59604,269.59604,269.59604,269.59604,269.59604,269.59604,269.59604,269.59604,269.59604,269.59604,269.59604,269.59604,269.59604,269.59604,269.59604
260.30356,260.30356,260.30356,260.30356,260.30356,260.30356,260.30356,260.30356,260.30356,260.30356,260.30356,260.30356,260.30356,260.30356,260.30356,260.30356,260.30356,260.30356,260.30356,260.30356,260.30356,260.30356,260.30356,260.30356,260.30356,260.30356,260.30356,260.30356,260.30356,260.30356,260.30356,260.30356,260.30356,260.30356,260.30356,260.30356,260.30356,260.30356,260.30356,260.30356,260.30356,260.30356,260.30356,260.30356
296.97101,296.97101,296.97101,296.97101,296.97101,296.97101,296.97101,296.97101,296.97101,296.97101,296.97101,296.97101,296.97101,296.97101,296.97101,296.97101,296.97101,296.97101,296.97101,296.97101,296.97101,296.97101,296.97101,296.97101,296.97101,296.97101,296.97101,296.97101,296.97101,296.97101,296.97101,296.97101,296.97101,296.97101,296.97101,296.97101,296.97101,296.97101,296.97101,296.97101,296.97101,296.97101,296.97101,296.97101
331.62021,331.62021,331.62021,331.62021,331.62021,331.62021,331.62021,331.62021,331.62021,331.62021,331.62021,331.62021,331.62021,331.62021,331.62021,331.62021,331.62021,331.62021,331.62021,331.62021,331.62021,331.62021,331.62021,331.62021,331.62021,331.62021,331.62021,331.62021,331.62021,331.62021,331.62021,331.62021,331.62021,331.62021,331.62021,331.62021,331.62021,331.62021,331.62021,331.62021,331.62021,331.62021,331.62021,331.62021
166.6438,166.6438,166.6438,166.6438,166.6438,166.6438,166.6438,166.6438,166.6438,166.6438,166.6438,166.6438,166.6438,166.6438,166.6438,166.6438,166.6438,166.6438,166.6438,166.6438,166.6438,166.6438,166.6438,166.6438,166.6438,166.6438,166.6438,166.6438,166.6438,166.6438,166.6438,166.6438,166.6438,166.6438,166.6438,166.6438,166.6438,166.6438,166.6438,166.6438,166.6438,166.6438,166.6438,166.6438
102.06319,102.06319,102.06319,102.06319,102.06319,102.06319,102.06319,102.06319,102.06319,102.06319,102.06319,102.06319,102.06319,102.06319,102.06319,102.06319,102.06319,102.06319,102.06319,102.06319,102.06319,102.06319,102.06319,102.06319,102.06319,102.06319,102.06319,102.06319,102.06319,102.06319,102.06319,102.06319,102.06319,102.06319,102.06319,102.06319,102.06319,102.06319,102.06319,102.06319,102.06319,102.06319,102.06319,102.06319
72.843681,72.843681,72.843681,72.843681,72.843681,72.843681,72.843681,72.843681,72.843681,72.843681,72.843681,72.843681,72.843681,72.843681,72.843681,72.843681,72.843681,72.843681,72.843681,72.843681,72.843681,72.843681,72.843681,72.843681,72.843681,72.843681,72.843681,72.843681,72.843681,72.843681,72.843681,72.843681,72.843681,72.843681,72.843681,72.843681,72.843681,72.843681,72.843681,72.843681,72.843681,72.843681,72.843681,72.843681
64.923538,64.923538,64.923538,64.923538,64.923538,64.923538,64.923538,64.923538,64.923538,64.923538,64.923538,64.923538,64.923538,64.923538,64.923538,64.923538,64.923538,64.923538,64.923538,64.923538,64.923538,64.923538,64.923538,64.923538,64.923538,64.923538,64.923538,64.923538,64.923538,64.923538,64.923538,64.923538,64.923538,64.923538,64.923538,64.923538,64.923538,64.923538,64.923538,64.923538,64.923538,64.923538,64.923538,64.923538
58.87146,58.87146,58.87146,58.87146,58.87146,58.87146,58.87146,58.87146,58.87146,58.87146,58.87146,58.87146,58.87146,58.87146,58.87146,58.87146,58.87146,58.87146,58.87146,58.87146,58.87146,58.87146,58.87146,58.87146,58.87146,58.87146,58.87146,58.87146,58.87146,58.87146,58.87146,58.87146,58.87146,58.87146,58.87146,58.87146,58.87146,58.87146,58.87146,58.87146,58.87146,58.87146,58.87146,58.87146
49.706013,49.706013,49.706013,49.706013,49.706013,49.706013,49.706013,49.706013,49.706013,49.706013,49.706013,49.706013,49.706013,49.706013,49.706013,49.706013,49.706013,49.706013,49.706013,49.706013,49.706013,49.706013,49.706013,49.706013,49.706013,49.706013,49.706013,49.706013,49.706013,49.706013,49.706013,49.706013,49.706013,49.706013,49.706013,49.706013,49.706013,49.706013,49.706013,49.706013,49.706013,49.706013,49.706013,49.706013
45.767529,45.767529,45.767529,45.767529,45.767529,45.767529,45.767529,45.767529,45.767529,45.767529,45.767529,45.767529,45.767529,45.767529,45.767529,45.767529,45.767529,45.767529,45.767529,45.767529,45.767529,45.767529,45.767529,45.767529,45.767529,45.767529,45.767529,45.767529,45.767529,45.767529,45.767529,45.767529,45.767529,45.767529,45.767529,45.767529,45.767529,45.767529,45.767529,45.767529,45.767529,45.767529,45.767529,45.767529
37.680462,37.680462,37.680462,37.680462,37.680462,37.680462,37.680462,37.680462,37.680462,37.680462,37.680462,37.680462,37.680462,37.680462,37.680462,37.680462,37.680462,37.680462,37.680462,37.680462,37.680462,37.680462,37.680462,37.680462,37.680462,37.680462,37.680462,37.680462,37.680462,37.680462,37.680462,37.680462,37.680462,37.680462,37.680462,37.680462,37.680462,37.680462,37.680462,37.680462,37.680462,37.680462,37.680462,37.680462
45.88192,45.88192,45.88192,45.88192,45.88192,45.88192,45.88192,45.88192,45.88192,45.88192,45.88192,45.88192,45.88192,45.88192,45.88192,45.88192,45.88192,45.88192,45.88192,45.88192,45.88192,45.88192,45.88192,45.88192,45.88192,45.88192,45.88192,45.88192,45.88192,45.88192,45.88192,45.88192,45.88192,45.88192,45.88192,45.88192,45.88192,45.88192,45.88192,45.88192,45.88192,45.88192,45.88192,45.88192
37.190571,37.190571,37.190571,37.190571,37.190571,37.190571,37.190571,37.190571,37.190571,37.190571,37.190571,37.190571,37.190571,37.190571,37.190571,37.190571,37.190571,37.190571,37.190571,37.190571,37.190571,37.190571,37.190571,37.190571,37.190571,37.190571,37.190571,37.190571,37.190571,37.190571,37.190571,37.190571,37.190571,37.190571,37.190571,37.190571,37.190571,37.190571,37.190571,37.190571,37.190571,37.190571,37.190571,37.190571
40.538773,40.538773,40.538773,40.538773,40.538773,40.538773,40.538773,40.538773,40.538773,40.538773,40.538773,40.538773,40.538773,40.538773,40.538773,40.538773,40.538773,40.538773,40.538773,40.538773,40.538773,40.538773,40.538773,40.538773,40.538773,40.538773,40.538773,40.538773,40.538773,40.538773,40.538773,40.538773,40.538773,40.538773,40.538773,40.538773,40.538773,40.538773,40.538773,40.538773,40.538773,40.538773,40.538773,40.538773
42.976971,42.976971,42.976971,42.976971,42.976971,42.976971,42.976971,42.976971,42.976971,42.976971,42.976971,42.976971,42.976971,42.976971,42.976971,42.976971,42.976971,42.976971,42.976971,42.976971,42.976971,42.976971,42.976971,42.976971,42.976971,42.976971,42.976971,42.976971,42.976971,42.976971,42.976971,42.976971,42.976971,42.976971,42.976971,42.976971,42.976971,42.976971,42.976971,42.976971,42.976971,42.976971,42.976971,42.976971
44.57341,44.57341,44.57341,44.57341,44.57341,44.57341,44.57341,44.57341,44.57341,44.57341,44.57341,44.57341,44.57341,44.57341,44.57341,44.57341,44.57341,44.57341,44.57341,44.57341,44.57341,44.57341,44.57341,44.57341,44.57341,44.57341,44.57341,44.57341,44.57341,44.57341,44.57341,44.57341,44.57341,44.57341,44.57341,44.57341,44.57341,44.57341,44.57341,44.57341,44.57341,44.57341,44.57341,44.57341
59.718971,59.718971,59.718971,59.718971,59.718971,59.718971,59.718971,59.718971,59.718971,59.718971,59.718971,59.718971,59.718971,59.718971,59.718971,59.718971,59.718971,59.718971,59.718971,59.718971,59.718971,59.718971,59.718971,59.718971,59.718971,59.718971,59.718971,59.718971,59.718971,59.718971,59.718971,59.718971,59.718971,59.718971,59.718971,59.718971,59.718971,59.718971,59.718971,59.718971,59.718971,59.718971,59.718971,59.718971
52.87656,52.87656,52.87656,52.87656,52.87656,52.87656,52.87656,52.87656,52.87656,52.87656,52.87656,52.87656,52.87656,52.87656,52.87656,52.87656,52.87656,52.87656,52.87656,52.87656,52.87656,52.87656,52.87656,52.87656,52.87656,52.87656,52.87656,52.87656,52.87656,52.87656,52.87656,52.87656,52.87656,52.87656,52.87656,52.87656,52.87656,52.87656,52.87656,52.87656,52.87656,52.87656,52.87656,52.87656
52.097977,52.097977,52.097977,52.097977,52.097977,52.097977,52.097977,52.097977,52.097977,52.097977,52.097977,52.097977,52.097977,52.097977,52.097977,52.097977,52.097977,52.097977,52.097977,52.097977,52.097977,52.097977,52.097977,52.097977,52.097977,52.097977,52.097977,52.097977,52.097977,52.097977,52.097977,52.097977,52.097977,52.097977,52.097977,52.097977,52.097977,52.097977,52.097977,52.097977,52.097977,52.097977,52.097977,52.097977
82.748703,82.748703,82.748703,82.748703,82.748703,82.748703,82.748703,82.748703,82.748703,82.748703,82.748703,82.748703,82.748703,82.748703,82.748703,82.748703,82.748703,82.748703,82.748703,82.748703,82.748703,82.748703,82.748703,82.748703,82.748703,82.748703,82.748703,82.748703,82.748703,82.748703,82.748703,82.748703,82.748703,82.748703,82.748703,82.748703,82.748703,82.748703,82.748703,82.748703,82.748703,82.748703,82.748703,82.748703
91.402847,91.402847,91.402847,91.402847,91.402847,91.402847,91.402847,91.402847,91.402847,91.402847,91.402847,91.402847,91.402847,91.402847,91.402847,91.402847,91.402847,91.402847,91.402847,91.402847,91.402847,91.402847,91.402847,91.402847,91.402847,91.402847,91.402847,91.402847,91.402847,91.402847,91.402847,91.402847,91.402847,91.402847,91.402847,91.402847,91.402847,91.402847,91.402847,91.402847,91.402847,91.402847,91.402847,91.402847
87.478371,87.478371,87.478371,87.478371,87.478371,87.478371,87.478371,87.478371,87.478371,87.478371,87.478371,87.478371,87.478371,87.478371,87.478371,87.478371,87.478371,87.478371,87.478371,87.478371,87.478371,87.478371,87.478371,87.478371,87.478371,87.478371,87.478371,87.478371,87.478371,87.478371,87.478371,87.478371,87.478371,87.478371,87.478371,87.478371,87.478371,87.478371,87.478371,87.478371,87.478371,87.478371,87.478371,87.478371
102.05727,102.05727,102.05727,102.05727,102.05727,102.05727,102.05727,102.05727,102.05727,102.05727,102.05727,102.05727,102.05727,102.05727,102.05727,102.05727,102.05727,102.05727,102.05727,102.05727,102.05727,102.05727,102.05727,102.05727,102.05727,102.05727,102.05727,102.05727,102.05727,102.05727,102.05727,102.05727,102.05727,102.05727,102.05727,102.05727,102.05727,102.05727,102.05727,102.05727,102.05727,102.05727,102.05727,102.05727
191.01532,191.01532,191.01532,191.01532,191.01532,191.01532,191.01532,191.01532,191.01532,191.01532,191.01532,191.01532,191.01532,191.01532,191.01532,191.01532,191.01532,191.01532,191.01532,191.01532,191.01532,191.01532,191.01532,191.01532,191.01532,191.01532,191.01532,191.01532,191.01532,191.01532,191.01532,191.01532,191.01532,191.01532,191.01532,191.01532,191.01532,191.01532,191.01532,191.01532,191.01532,191.01532,191.01532,191.01532
200.07191,200.07191,200.07191,200.07191,200.07191,200.07191,200.07191,200.07191,200.07191,200.07191,200.07191,200.07191,200.07191,200.07191,200.07191,200.07191,200.07191,200.07191,200.07191,200.07191,200.07191,200.07191,200.07191,200.07191,200.07191,200.07191,200.07191,200.07191,200.07191,200.07191,200.07191,200.07191,200.07191,200.07191,200.07191,200.07191,200.07191,200.07191,200.07191,200.07191,200.07191,200.07191,200.07191,200.07191
241.92404,241.92404,241.92404,241.92404,241.92404,241.92404,241.92404,241.92404,241.92404,241.92404,241.92404,241.92404,241.92404,241.92404,241.92404,241.92404,241.92404,241.92404,241.92404,241.92404,241.92404,241.92404,241.92404,241.92404,241.92404,241.92404,241.92404,241.92404,241.92404,241.92404,241.92404,241.92404,241.92404,241.92404,241.92404,241.92404,241.92404,241.92404,241.92404,241.92404,241.92404,241.92404,241.92404,241.92404
306.14059,306.14059,306.14059,306.14059,306.14059,306.14059,306.14059,306.14059,306.14059,306.14059,306.14059,306.14059,306.14059,306.14059,306.14059,306.14059,306.14059,306.14059,306.14059,306.14059,306.14059,306.14059,306.14059,306.14059,306.14059,306.14059,306.14059,306.14059,306.14059,306.14059,306.14059,306.14059,306.14059,306.14059,306.14059,306.14059,306.14059,306.14059,306.14059,306.14059,306.14059,306.14059,306.14059,306.14059
344.39383,344.39383,344.39383,344.39383,344.39383,344.39383,344.39383,344.39383,344.39383,344.39383,344.39383,344.39383,344.39383,344.39383,344.39383,344.39383,344.39383,344.39383,344.39383,344.39383,344.39383,344.39383,344.39383,344.39383,344.39383,344.39383,344.39383,344.39383,344.39383,344.39383,344.39383,344.39383,344.39383,344.39383,344.39383,344.39383,344.39383,344.39383,344.39383,344.39383,344.39383,344.39383,344.39383,344.39383
376.73724,376.73724,376.73724,376.73724,376.73724,376.73724,376.73724,376.73724,376.73724,376.73724,376.73724,376.73724,376.73724,376.73724,376.73724,376.73724,376.73724,376.73724,376.73724,376.73724,376.73724,376.73724,376.73724,376.73724,376.73724,376.73724,376.73724,376.73724,376.73724,376.73724,376.73724,376.73724,376.73724,376.73724,376.73724,376.73724,376.73724,376.73724,376.73724,376.73724,376.73724,376.73724,376.73724,376.73724
240.73561,240.73561,240.73561,240.73561,240.73561,240.73561,240.73561,240.73561,240.73561,240.73561,240.73561,240.73561,240.73561,240.73561,240.73561,240.73561,240.73561,240.73561,240.73561,240.73561,240.73561,240.73561,240.73561,240.73561,240.73561,240.73561,240.73561,240.73561,240.73561,240.73561,240.73561,240.73561,240.73561,240.73561,240.73561,240.73561,240.73561,240.73561,240.73561,240.73561,240.73561,240.73561,240.73561,240.73561
122.23141,122.23141,122.23141,122.23141,122.23141,122.23141,122.23141,122.23141,122.23141,122.23141,122.23141,122.23141,122.23141,122.23141,122.23141,122.23141,122.23141,122.23141,122.23141,122.23141,122.23141,122.23141,122.23141,122.23141,122.23141,122.23141,122.23141,122.23141,122.23141,122.23141,122.23141,122.23141,122.23141,122.23141,122.23141,122.23141,122.23141,122.23141,122.23141,122.23141,122.23141,122.23141,122.23141,122.23141
99.266258,99.266258,99.266258,99.266258,99.266258,99.266258,99.266258,99.266258,99.266258,99.266258,99.266258,99.266258,99.266258,99.266258,99.266258,99.266258,99.266258,99.266258,99.266258,99.266258,99.266258,99.266258,99.266258,99.266258,99.266258,99.266258,99.266258,99.266258,99.266258,99.266258,99.266258,99.266258,99.266258,99.266258,99.266258,99.266258,99.266258,99.266258,99.266258,99.266258,99.266258,99.266258,99.266258,99.266258
114.34803,114.34803,114.34803,114.34803,114.34803,114.34803,114.34803,114.34803,114.34803,114.34803,114.34803,114.34803,114.34803,114.34803,114.34803,114.34803,114.34803,114.34803,114.34803,114.34803,114.34803,114.34803,114.34803,114.34803,114.34803,114.34803,114.34803,114.34803,114.34803,114.34803,114.34803,114.34803,114.34803,114.34803,114.34803,114.34803,114.34803,114.34803,114.34803,114.34803,114.34803,114.34803,114.34803,114.34803
83.723862,83.723862,83.723862,83.723862,83.723862,83.723862,83.723862,83.723862,83.723862,83.723862,83.723862,83.723862,83.723862,83.723862,83.723862,83.723862,83.723862,83.723862,83.723862,83.723862,83.723862,83.723862,83.723862,83.723862,83.723862,83.723862,83.723862,83.723862,83.723862,83.723862,83.723862,83.723862,83.723862,83.723862,83.723862,83.723862,83.723862,83.723862,83.723862,83.723862,83.723862,83.723862,83.723862,83.723862
142.74683,142.74683,142.74683,142.74683,142.74683,142.74683,142.74683,142.74683,142.74683,142.74683,142.74683,142.74683,142.74683,142.74683,142.74683,142.74683,142.74683,142.74683,142.74683,142.74683,142.74683,142.74683,142.74683,142.74683,142.74683,142.74683,142.74683,142.74683,142.74683,142.74683,142.74683,142.74683,142.74683,142.74683,142.74683,142.74683,142.74683,142.74683,142.74683,142.74683,142.74683,142.74683,142.74683,142.74683
154.43521,154.43521,154.43521,154.43521,154.43521,154.43521,154.43521,154.43521,154.43521,154.43521,154.43521,154.43521,154.43521,154.43521,154.43521,154.43521,154.43521,154.43521,154.43521,154.43521,154.43521,154.43521,154.43521,154.43521,154.43521,154.43521,154.43521,154.43521,154.43521,154.43521,154.43521,154.43521,154.43521,154.43521,154.43521,154.43521,154.43521,154.43521,154.43521,154.43521,154.43521,154.43521,154.43521,154.43521
105.07939,105.07939,105.07939,105.07939,105.07939,105.07939,105.07939,105.07939,105.07939,105.07939,105.07939,105.07939,105.07939,105.07939,105.07939,105.07939,105.07939,105.07939,105.07939,105.07939,105.07939,105.07939,105.07939,105.07939,105.07939,105.07939,105.07939,105.07939,105.07939,105.07939,105.07939,105.07939,105.07939,105.07939,105.07939,105.07939,105.07939,105.07939,105.07939,105.07939,105.07939,105.07939,105.07939,105.07939
101.92927,101.92927,101.92927,101.92927,101.92927,101.92927,101.92927,101.92927,101.92927,101.92927,101.92927,101.92927,101.92927,101.92927,101.92927,101.92927,101.92927,101.92927,101.92927,101.92927,101.92927,101.92927,101.92927,101.92927,101.92927,101.92927,101.92927,101.92927,101.92927,101.92927,101.92927,101.92927,101.92927,101.92927,101.92927,101.92927,101.92927,101.92927,101.92927,101.92927,101.92927,101.92927,101.92927,101.92927
91.05645,91.05645,91.05645,91.05645,91.05645,91.05645,91.05645,91.05645,91.05645,91.05645,91.05645,91.05645,91.05645,91.05645,91.05645,91.05645,91.05645,91.05645,91.05645,91.05645,91.05645,91.05645,91.05645,91.05645,91.05645,91.05645,91.05645,91.05645,91.05645,91.05645,91.05645,91.05645,91.05645,91.05645,91.05645,91.05645,91.05645,91.05645,91.05645,91.05645,91.05645,91.05645,91.05645,91.05645
89.117783,89.117783,89.117783,89.117783,89.117783,89.117783,89.117783,89.117783,89.117783,89.117783,89.117783,89.117783,89.117783,89.117783,89.117783,89.117783,89.117783,89.117783,89.117783,89.117783,89.117783,89.117783,89.117783,89.117783,89.117783,89.117783,89.117783,89.117783,89.117783,89.117783,89.117783,89.117783,89.117783,89.117783,89.117783,89.117783,89.117783,89.117783,89.117783,89.117783,89.117783,89.117783,89.117783,89.117783
101.25542,101.25542,101.25542,101.25542,101.25542,101.25542,101.25542,101.25542,101.25542,101.25542,101.25542,101.25542,101.25542,101.25542,101.25542,101.25542,101.25542,101.25542,101.25542,101.25542,101.25542,101.25542,101.25542,101.25542,101.25542,101.25542,101.25542,101.25542,101.25542,101.25542,101.25542,101.25542,101.25542,101.25542,101.25542,101.25542,101.25542,101.25542,101.25542,101.25542,101.25542,101.25542,101.25542,101.25542
99.325577,99.325577,99.325577,99.325577,99.325577,99.325577,99.325577,99.325577,99.325577,99.325577,99.325577,99.325577,99.325577,99.325577,99.325577,99.325577,99.325577,99.325577,99.325577,99.325577,99.325577,99.325577,99.325577,99.325577,99.325577,99.325577,99.325577,99.325577,99.325577,99.325577,99.325577,99.325577,99.325577,99.325577,99.325577,99.325577,99.325577,99.325577,99.325577,99.325577,99.325577,99.325577,99.325577,99.325577
115.22129,115.22129,115.22129,115.22129,115.22129,115.22129,115.22129,115.22129,115.22129,115.22129,115.22129,115.22129,115.22129,115.22129,115.22129,115.22129,115.22129,115.22129,115.22129,115.22129,115.22129,115.22129,115.22129,115.22129,115.22129,115.22129,115.22129,115.22129,115.22129,115.22129,115.22129,115.22129,115.22129,115.22129,115.22129,115.22129,115.22129,115.22129,115.22129,115.22129,115.22129,115.22129,115.22129,115.22129
82.10849,82.10849,82.10849,82.10849,82.10849,82.10849,82.10849,82.10849,82.10849,82.10849,82.10849,82.10849,82.10849,82.10849,82.10849,82.10849,82.10849,82.10849,82.10849,82.10849,82.10849,82.10849,82.10849,82.10849,82.10849,82.10849,82.10849,82.10849,82.10849,82.10849,82.10849,82.10849,82.10849,82.10849,82.10849,82.10849,82.10849,82.10849,82.10849,82.10849,82.10849,82.10849,82.10849,82.10849
86.417786,86.417786,86.417786,86.417786,86.417786,86.417786,86.417786,86.417786,86.417786,86.417786,86.417786,86.417786,86.417786,86.417786,86.417786,86.417786,86.417786,86.417786,86.417786,86.417786,86.417786,86.417786,86.417786,86.417786,86.417786,86.417786,86.417786,86.417786,86.417786,86.417786,86.417786,86.417786,86.417786,86.417786,86.417786,86.417786,86.417786,86.417786,86.417786,86.417786,86.417786,86.417786,86.417786,86.417786
126.08382,126.08382,126.08382,126.08382,126.08382,126.08382,126.08382,126.08382,126.08382,126.08382,126.08382,126.08382,126.08382,126.08382,126.08382,126.08382,126.08382,126.08382,126.08382,126.08382,126.08382,126.08382,126.08382,126.08382,126.08382,126.08382,126.08382,126.08382,126.08382,126.08382,126.08382,126.08382,126.08382,126.08382,126.08382,126.08382,126.08382,126.08382,126.08382,126.08382,126.08382,126.08382,126.08382,126.08382
124.72618,124.72618,124.72618,124.72618,124.72618,124.72618,124.72618,124.72618,124.72618,124.72618,124.72618,124.72618,124.72618,124.72618,124.72618,124.72618,124.72618,124.72618,124.72618,124.72618,124.72618,124.72618,124.72618,124.72618,124.72618,124.72618,124.72618,124.72618,124.72618,124.72618,124.72618,124.72618,124.72618,124.72618,124.72618,124.72618,124.72618,124.72618,124.72618,124.72618,124.72618,124.72618,124.72618,124.72618
117.54991,117.54991,117.54991,117.54991,117.54991,117.54991,117.54991,117.54991,117.54991,117.54991,117.54991,117.54991,117.54991,117.54991,117.54991,117.54991,117.54991,117.54991,117.54991,117.54991,117.54991,117.54991,117.54991,117.54991,117.54991,117.54991,117.54991,117.54991,117.54991,117.54991,117.54991,117.54991,117.54991,117.54991,117.54991,117.54991,117.54991,117.54991,117.54991,117.54991,117.54991,117.54991,117.54991,117.54991
90.5354,90.5354,90.5354,90.5354,90.5354,90.5354,90.5354,90.5354,90.5354,90.5354,90.5354,90.5354,90.5354,90.5354,90.5354,90.5354,90.5354,90.5354,90.5354,90.5354,90.5354,90.5354,90.5354,90.5354,90.5354,90.5354,90.5354,90.5354,90.5354,90.5354,90.5354,90.5354,90.5354,90.5354,90.5354,90.5354,90.5354,90.5354,90.5354,90.5354,90.5354,90.5354,90.5354,90.5354
99.786484,99.786484,99.786484,99.786484,99.786484,99.786484,99.786484,99.786484,99.786484,99.786484,99.786484,99.786484,99.786484,99.786484,99.786484,99.786484,99.786484,99.786484,99.786484,99.786484,99.786484,99.786484,99.786484,99.786484,99.786484,99.786484,99.786484,99.786484,99.786484,99.786484,99.786484,99.786484,99.786484,99.786484,99.786484,99.786484,99.786484,99.786484,99.786484,99.786484,99.786484,99.786484,99.786484,99.786484
90.635468,90.635468,90.635468,90.635468,90.635468,90.635468,90.635468,90.635468,90.635468,90.635468,90.635468,90.635468,90.635468,90.635468,90.635468,90.635468,90.635468,90.635468,90.635468,90.635468,90.635468,90.635468,90.635468,90.635468,90.635468,90.635468,90.635468,90.635468,90.635468,90.635468,90.635468,90.635468,90.635468,90.635468,90.635468,90.635468,90.635468,90.635468,90.635468,90.635468,90.635468,90.635468,90.635468,90.635468
112.60692,112.60692,112.60692,112.60692,112.60692,112.60692,112.60692,112.60692,112.60692,112.60692,112.60692,112.60692,112.60692,112.60692,112.60692,112.60692,112.60692,112.60692,112.60692,112.60692,112.60692,112.60692,112.60692,112.60692,112.60692,112.60692,112.60692,112.60692,112.60692,112.60692,112.60692,112.60692,112.60692,112.60692,112.60692,112.60692,112.60692,112.60692,112.60692,112.60692,112.60692,112.60692,112.60692,112.60692
104.20105,104.20105,104.20105,104.20105,104.20105,104.20105,104.20105,104.20105,104.20105,104.20105,104.20105,104.20105,104.20105,104.20105,104.20105,104.20105,104.20105,104.20105,104.20105,104.20105,104.20105,104.20105,104.20105,104.20105,104.20105,104.20105,104.20105,104.20105,104.20105,104.20105,104.20105,104.20105,104.20105,104.20105,104.20105,104.20105,104.20105,104.20105,104.20105,104.20105,104.20105,104.20105,104.20105,104.20105
95.787491,95.787491,95.787491,95.787491,95.787491,95.787491,95.787491,95.787491,95.787491,95.787491,95.787491,95.787491,95.787491,95.787491,95.787491,95.787491,95.787491,95.787491,95.787491,95.787491,95.787491,95.787491,95.787491,95.787491,95.787491,95.787491,95.787491,95.787491,95.787491,95.787491,95.787491,95.787491,95.787491,95.787491,95.787491,95.787491,95.787491,95.787491,95.787491,95.787491,95.787491,95.787491,95.787491,95.787491
102.82236,102.82236,102.82236,102.82236,102.82236,102.82236,102.82236,102.82236,102.82236,102.82236,102.82236,102.82236,102.82236,102.82236,102.82236,102.82236,102.82236,102.82236,102.82236,102.82236,102.82236,102.82236,102.82236,102.82236,102.82236,102.82236,102.82236,102.82236,102.82236,102.82236,102.82236,102.82236,102.82236,102.82236,102.82236,102.82236,102.82236,102.82236,102.82236,102.82236,102.82236,102.82236,102.82236,102.82236
87.422432,87.422432,87.422432,87.422432,87.422432,87.422432,87.422432,87.422432,87.422432,87.422432,87.422432,87.422432,87.422432,87.422432,87.422432,87.422432,87.422432,87.422432,87.422432,87.422432,87.422432,87.422432,87.422432,87.422432,87.422432,87.422432,87.422432,87.422432,87.422432,87.422432,87.422432,87.422432,87.422432,87.422432,87.422432,87.422432,87.422432,87.422432,87.422432,87.422432,87.422432,87.422432,87.422432,87.422432
87.485275,87.485275,87.485275,87.485275,87.485275,87.485275,87.485275,87.485275,87.485275,87.485275,87.485275,87.485275,87.485275,87.485275,87.485275,87.485275,87.485275,87.485275,87.485275,87.485275,87.485275,87.485275,87.485275,87.485275,87.485275,87.485275,87.485275,87.485275,87.485275,87.485275,87.485275,87.485275,87.485275,87.485275,87.485275,87.485275,87.485275,87.485275,87.485275,87.485275,87.485275,87.485275,87.485275,87.485275
76.668312,76.668312,76.668312,76.668312,76.668312,76.668312,76.668312,76.668312,76.668312,76.668312,76.668312,76.668312,76.668312,76.668312,76.668312,76.668312,76.668312,76.668312,76.668312,76.668312,76.668312,76.668312,76.668312,76.668312,76.668312,76.668312,76.668312,76.668312,76.668312,76.668312,76.668312,76.668312,76.668312,76.668312,76.668312,76.668312,76.668312,76.668312,76.668312,76.668312,76.668312,76.668312,76.668312,76.668312
70.567474,70.567474,70.567474,70.567474,70.567474,70.567474,70.567474,70.567474,70.567474,70.567474,70.567474,70.567474,70.567474,70.567474,70.567474,70.567474,70.567474,70.567474,70.567474,70.567474,70.567474,70.567474,70.567474,70.567474,70.567474,70.567474,70.567474,70.567474,70.567474,70.567474,70.567474,70.567474,70.567474,70.567474,70.567474,70.567474,70.567474,70.567474,70.567474,70.567474,70.567474,70.567474,70.567474,70.567474
79.141571,79.141571,79.141571,79.141571,79.141571,79.141571,79.141571,79.141571,79.141571,79.141571,79.141571,79.141571,79.141571,79.141571,79.141571,79.141571,79.141571,79.141571,79.141571,79.141571,79.141571,79.141571,79.141571,79.141571,79.141571,79.141571,79.141571,79.141571,79.141571,79.141571,79.141571,79.141571,79.141571,79.141571,79.141571,79.141571,79.141571,79.141571,79.141571,79.141571,79.141571,79.141571,79.141571,79.141571
69.23243,69.23243,69.23243,69.23243,69.23243,69.23243,69.23243,69.23243,69.23243,69.23243,69.23243,69.23243,69.23243,69.23243,69.23243,69.23243,69.23243,69.23243,69.23243,69.23243,69.23243,69.23243,69.23243,69.23243,69.23243,69.23243,69.23243,69.23243,69.23243,69.23243,69.23243,69.23243,69.23243,69.23243,69.23243,69.23243,69.23243,69.23243,69.23243,69.23243,69.23243,69.23243,69.23243,69.23243
68.475105,68.475105,68.475105,68.475105,68.475105,68.475105,68.475105,68.475105,68.475105,68.475105,68.475105,68.475105,68.475105,68.475105,68.475105,68.475105,68.475105,68.475105,68.475105,68.475105,68.475105,68.475105,68.475105,68.475105,68.475105,68.475105,68.475105,68.475105,68.475105,68.475105,68.475105,68.475105,68.475105,68.475105,68.475105,68.475105,68.475105,68.475105,68.475105,68.475105,68.475105,68.475105,68.475105,68.475105
81.370934,81.370934,81.370934,81.370934,81.370934,81.370934,81.370934,81.370934,81.370934,81.370934,81.370934,81.370934,81.370934,81.370934,81.370934,81.370934,81.370934,81.370934,81.370934,81.370934,81.370934,81.370934,81.370934,81.370934,81.370934,81.370934,81.370934,81.370934,81.370934,81.370934,81.370934,81.370934,81.370934,81.370934,81.370934,81.370934,81.370934,81.370934,81.370934,81.370934,81.370934,81.370934,81.370934,81.370934
86.351082,86.351082,86.351082,86.351082,86.351082,86.351082,86.351082,86.351082,86.351082,86.351082,86.351082,86.351082,86.351082,86.351082,86.351082,86.351082,86.351082,86.351082,86.351082,86.351082,86.351082,86.351082,86.351082,86.351082,86.351082,86.351082,86.351082,86.351082,86.351082,86.351082,86.351082,86.351082,86.351082,86.351082,86.351082,86.351082,86.351082,86.351082,86.351082,86.351082,86.351082,86.351082,86.351082,86.351082
102.05772,102.05772,102.05772,102.05772,102.05772,102.05772,102.05772,102.05772,102.05772,102.05772,102.05772,102.05772,102.05772,102.05772,102.05772,102.05772,102.05772,102.05772,102.05772,102.05772,102.05772,102.05772,102.05772,102.05772,102.05772,102.05772,102.05772,102.05772,102.05772,102.05772,102.05772,102.05772,102.05772,102.05772,102.05772,102.05772,102.05772,102.05772,102.05772,102.05772,102.05772,102.05772,102.05772,102.05772
101.66919,101.66919,101.66919,101.66919,101.66919,101.66919,101.66919,101.66919,101.66919,101.66919,101.66919,101.66919,101.66919,101.66919,101.66919,101.66919,101.66919,101.66919,101.66919,101.66919,101.66919,101.66919,101.66919,101.66919,101.66919,101.66919,101.66919,101.66919,101.66919,101.66919,101.66919,101.66919,101.66919,101.66919,101.66919,101.66919,101.66919,101.66919,101.66919,101.66919,101.66919,101.66919,101.66919,101.66919
124.11795,124.11795,124.11795,124.11795,124.11795,124.11795,124.11795,124.11795,124.11795,124.11795,124.11795,124.11795,124.11795,124.11795,124.11795,124.11795,124.11795,124.11795,124.11795,124.11795,124.11795,124.11795,124.11795,124.11795,124.11795,124.11795,124.11795,124.11795,124.11795,124.11795,124.11795,124.11795,124.11795,124.11795,124.11795,124.11795,124.11795,124.11795,124.11795,124.11795,124.11795,124.11795,124.11795,124.11795
103.87984,103.87984,103.87984,103.87984,103.87984,103.87984,103.87984,103.87984,103.87984,103.87984,103.87984,103.87984,103.87984,103.87984,103.87984,103.87984,103.87984,103.87984,103.87984,103.87984,103.87984,103.87984,103.87984,103.87984,103.87984,103.87984,103.87984,103.87984,103.87984,103.87984,103.87984,103.87984,103.87984,103.87984,103.87984,103.87984,103.87984,103.87984,103.87984,103.87984,103.87984,103.87984,103.87984,103.87984
88.389366,88.389366,88.389366,88.389366,88.389366,88.389366,88.389366,88.389366,88.389366,88.389366,88.389366,88.389366,88.389366,88.389366,88.389366,88.389366,88.389366,88.389366,88.389366,88.389366,88.389366,88.389366,88.389366,88.389366,88.389366,88.389366,88.389366,88.389366,88.389366,88.389366,88.389366,88.389366,88.389366,88.389366,88.389366,88.389366,88.389366,88.389366,88.389366,88.389366,88.389366,88.389366,88.389366,88.389366
92.283493,92.283493,92.283493,92.283493,92.283493,92.283493,92.283493,92.283493,92.283493,92.283493,92.283493,92.283493,92.283493,92.283493,92.283493,92.283493,92.283493,92.283493,92.283493,92.283493,92.283493,92.283493,92.283493,92.283493,92.283493,92.283493,92.283493,92.283493,92.283493,92.283493,92.283493,92.283493,92.283493,92.283493,92.283493,92.283493,92.283493,92.283493,92.283493,92.283493,92.283493,92.283493,92.283493,92.283493
91.707932,91.707932,91.707932,91.707932,91.707932,91.707932,91.707932,91.707932,91.707932,91.707932,91.707932,91.707932,91.707932,91.707932,91.707932,91.707932,91.707932,91.707932,91.707932,91.707932,91.707932,91.707932,91.707932,91.707932,91.707932,91.707932,91.707932,91.707932,91.707932,91.707932,91.707932,91.707932,91.707932,91.707932,91.707932,91.707932,91.707932,91.707932,91.707932,91.707932,91.707932,91.707932,91.707932,91.707932
85.342255,85.342255,85.342255,85.342255,85.342255,85.342255,85.342255,85.342255,85.342255,85.342255,85.342255,85.342255,85.342255,85.342255,85.342255,85.342255,85.342255,85.342255,85.342255,85.342255,85.342255,85.342255,85.342255,85.342255,85.342255,85.342255,85.342255,85.342255,85.342255,85.342255,85.342255,85.342255,85.342255,85.342255,85.342255,85.342255,85.342255,85.342255,85.342255,85.342255,85.342255,85.342255,85.342255,85.342255
72.833328,72.833328,72.833328,72.833328,72.833328,72.833328,72.833328,72.833328,72.833328,72.833328,72.833328,72.833328,72.833328,72.833328,72.833328,72.833328,72.833328,72.833328,72.833328,72.833328,72.833328,72.833328,72.833328,72.833328,72.833328,72.833328,72.833328,72.833328,72.833328,72.833328,72.833328,72.833328,72.833328,72.833328,72.833328,72.833328,72.833328,72.833328,72.833328,72.833328,72.833328,72.833328,72.833328,72.833328
81.248924,81.248924,81.248924,81.248924,81.248924,81.248924,81.248924,81.248924,81.248924,81.248924,81.248924,81.248924,81.248924,81.248924,81.248924,81.248924,81.248924,81.248924,81.248924,81.248924,81.248924,81.248924,81.248924,81.248924,81.248924,81.248924,81.248924,81.248924,81.248924,81.248924,81.248924,81.248924,81.248924,81.248924,81.248924,81.248924,81.248924,81.248924,81.248924,81.248924,81.248924,81.248924,81.248924,81.248924
100.47716,100.47716,100.47716,100.47716,100.47716,100.47716,100.47716,100.47716,100.47716,100.47716,100.47716,100.47716,100.47716,100.47716,100.47716,100.47716,100.47716,100.47716,100.47716,100.47716,100.47716,100.47716,100.47716,100.47716,100.47716,100.47716,100.47716,100.47716,100.47716,100.47716,100.47716,100.47716,100.47716,100.47716,100.47716,100.47716,100.47716,100.47716,100.47716,100.47716,100.47716,100.47716,100.47716,100.47716
115.19403,115.19403,115.19403,115.19403,115.19403,115.19403,115.19403,115.19403,115.19403,115.19403,115.19403,115.19403,115.19403,115.19403,115.19403,115.19403,115.19403,115.19403,115.19403,115.19403,115.19403,115.19403,115.19403,115.19403,115.19403,115.19403,115.19403,115.19403,115.19403,115.19403,115.19403,115.19403,115.19403,115.19403,115.19403,115.19403,115.19403,115.19403,115.19403,115.19403,115.19403,115.19403,115.19403,115.19403
75.940979,75.940979,75.940979,75.940979,75.940979,75.940979,75.940979,75.940979,75.940979,75.940979,75.940979,75.940979,75.940979,75.940979,75.940979,75.940979,75.940979,75.940979,75.940979,75.940979,75.940979,75.940979,75.940979,75.940979,75.940979,75.940979,75.940979,75.940979,75.940979,75.940979,75.940979,75.940979,75.940979,75.940979,75.940979,75.940979,75.940979,75.940979,75.940979,75.940979,75.940979,75.940979,75.940979,75.940979
86.624359,86.624359,86.624359,86.624359,86.624359,86.624359,86.624359,86.624359,86.624359,86.624359,86.624359,86.624359,86.624359,86.624359,86.624359,86.624359,86.624359,86.624359,86.624359,86.624359,86.624359,86.624359,86.624359,86.624359,86.624359,86.624359,86.624359,86.624359,86.624359,86.624359,86.624359,86.624359,86.624359,86.624359,86.624359,86.624359,86.624359,86.624359,86.624359,86.624359,86.624359,86.624359,86.624359,86.624359
88.633369,88.633369,88.633369,88.633369,88.633369,88.633369,88.633369,88.633369,88.633369,88.633369,88.633369,88.633369,88.633369,88.633369,88.633369,88.633369,88.633369,88.633369,88.633369,88.633369,88.633369,88.633369,88.633369,88.633369,88.633369,88.633369,88.633369,88.633369,88.633369,88.633369,88.633369,88.633369,88.633369,88.633369,88.633369,88.633369,88.633369,88.633369,88.633369,88.633369,88.633369,88.633369,88.633369,88.633369
75.088799,75.088799,75.088799,75.088799,75.088799,75.088799,75.088799,75.088799,75.088799,75.088799,75.088799,75.088799,75.088799,75.088799,75.088799,75.088799,75.088799,75.088799,75.088799,75.088799,75.088799,75.088799,75.088799,75.088799,75.088799,75.088799,75.088799,75.088799,75.088799,75.088799,75.088799,75.088799,75.088799,75.088799,75.088799,75.088799,75.088799,75.088799,75.088799,75.088799,75.088799,75.088799,75.088799,75.088799
61.413044,61.413044,61.413044,61.413044,61.413044,61.413044,61.413044,61.413044,61.413044,61.413044,61.413044,61.413044,61.413044,61.413044,61.413044,61.413044,61.413044,61.413044,61.413044,61.413044,61.413044,61.413044,61.413044,61.413044,61.413044,61.413044,61.413044,61.413044,61.413044,61.413044,61.413044,61.413044,61.413044,61.413044,61.413044,61.413044,61.413044,61.413044,61.413044,61.413044,61.413044,61.413044,61.413044,61.413044
39.673115,39.673115,39.673115,39.673115,39.673115,39.673115,39.673115,39.673115,39.673115,39.673115,39.673115,39.673115,39.673115,39.673115,39.673115,39.673115,39.673115,39.673115,39.673115,39.673115,39.673115,39.673115,39.673115,39.673115,39.673115,39.673115,39.673115,39.673115,39.673115,39.673115,39.673115,39.673115,39.673115,39.673115,39.673115,39.673115,39.673115,39.673115,39.673115,39.673115,39.673115,39.673115,39.673115,39.673115
51.792046,51.792046,51.792046,51.792046,51.792046,51.792046,51.792046,51.792046,51.792046,51.792046,51.792046,51.792046,51.792046,51.792046,51.792046,51.792046,51.792046,51.792046,51.792046,51.792046,51.792046,51.792046,51.792046,51.792046,51.792046,51.792046,51.792046,51.792046,51.792046,51.792046,51.792046,51.792046,51.792046,51.792046,51.792046,51.792046,51.792046,51.792046,51.792046,51.792046,51.792046,51.792046,51.792046,51.792046
58.142807,58.142807,58.142807,58.142807,58.142807,58.142807,58.142807,58.142807,58.142807,58.142807,58.142807,58.142807,58.142807,58.142807,58.142807,58.142807,58.142807,58.142807,58.142807,58.142807,58.142807,58.142807,58.142807,58.142807,58.142807,58.142807,58.142807,58.142807,58.142807,58.142807,58.142807,58.142807,58.142807,58.142807,58.142807,58.142807,58.142807,58.142807,58.142807,58.142807,58.142807,58.142807,58.142807,58.142807
45.607391,45.607391,45.607391,45.607391,45.607391,45.607391,45.607391,45.607391,45.607391,45.607391,45.607391,45.607391,45.607391,45.607391,45.607391,45.607391,45.607391,45.607391,45.607391,45.607391,45.607391,45.607391,45.607391,45.607391,45.607391,45.607391,45.607391,45.607391,45.607391,45.607391,45.607391,45.607391,45.607391,45.607391,45.607391,45.607391,45.607391,45.607391,45.607391,45.607391,45.607391,45.607391,45.607391,45.607391
111.46019,111.46019,111.46019,111.46019,111.46019,111.46019,111.46019,111.46019,111.46019,111.46019,111.46019,111.46019,111.46019,111.46019,111.46019,111.46019,111.46019,111.46019,111.46019,111.46019,111.46019,111.46019,111.46019,111.46019,111.46019,111.46019,111.46019,111.46019,111.46019,111.46019,111.46019,111.46019,111.46019,111.46019,111.46019,111.46019,111.46019,111.46019,111.46019,111.46019,111.46019,111.46019,111.46019,111.46019
111.12048,111.12048,111.12048,111.12048,111.12048,111.12048,111.12048,111.12048,111.12048,111.12048,111.12048,111.12048,111.12048,111.12048,111.12048,111.12048,111.12048,111.12048,111.12048,111.12048,111.12048,111.12048,111.12048,111.12048,111.12048,111.12048,111.12048,111.12048,111.12048,111.12048,111.12048,111.12048,111.12048,111.12048,111.12048,111.12048,111.12048,111.12048,111.12048,111.12048,111.12048,111.12048,111.12048,111.12048
135.32417,135.32417,135.32417,135.32417,135.32417,135.32417,135.32417,135.32417,135.32417,135.32417,135.32417,135.32417,135.32417,135.32417,135.32417,135.32417,135.32417,135.32417,135.32417,135.32417,135.32417,135.32417,135.32417,135.32417,135.32417,135.32417,135.32417,135.32417,135.32417,135.32417,135.32417,135.32417,135.32417,135.32417,135.32417,135.32417,135.32417,135.32417,135.32417,135.32417,135.32417,135.32417,135.32417,135.32417
110.70305,110.70305,110.70305,110.70305,110.70305,110.70305,110.70305,110.70305,110.70305,110.70305,110.70305,110.70305,110.70305,110.70305,110.70305,110.70305,110.70305,110.70305,110.70305,110.70305,110.70305,110.70305,110.70305,110.70305,110.70305,110.70305,110.70305,110.70305,110.70305,110.70305,110.70305,110.70305,110.70305,110.70305,110.70305,110.70305,110.70305,110.70305,110.70305,110.70305,110.70305,110.70305,110.70305,110.70305
83.537979,83.537979,83.537979,83.537979,83.537979,83.537979,83.537979,83.537979,83.537979,83.537979,83.537979,83.537979,83.537979,83.537979,83.537979,83.537979,83.537979,83.537979,83.537979,83.537979,83.537979,83.537979,83.537979,83.537979,83.537979,83.537979,83.537979,83.537979,83.537979,83.537979,83.537979,83.537979,83.537979,83.537979,83.537979,83.537979,83.537979,83.537979,83.537979,83.537979,83.537979,83.537979,83.537979,83.537979
86.026413,86.026413,86.026413,86.026413,86.026413,86.026413,86.026413,86.026413,86.026413,86.026413,86.026413,86.026413,86.026413,86.026413,86.026413,86.026413,86.026413,86.026413,86.026413,86.026413,86.026413,86.026413,86.026413,86.026413,86.026413,86.026413,86.026413,86.026413,86.026413,86.026413,86.026413,86.026413,86.026413,86.026413,86.026413,86.026413,86.026413,86.026413,86.026413,86.026413,86.026413,86.026413,86.026413,86.026413
84.868973,84.868973,84.868973,84.868973,84.868973,84.868973,84.868973,84.868973,84.868973,84.868973,84.868973,84.868973,84.868973,84.868973,84.868973,84.868973,84.868973,84.868973,84.868973,84.868973,84.868973,84.868973,84.868973,84.868973,84.868973,84.868973,84.868973,84.868973,84.868973,84.868973,84.868973,84.868973,84.868973,84.868973,84.868973,84.868973,84.868973,84.868973,84.868973,84.868973,84.868973,84.868973,84.868973,84.868973
71.192848,71.192848,71.192848,71.192848,71.192848,71.192848,71.192848,71.192848,71.192848,71.192848,71.192848,71.192848,71.192848,71.192848,71.192848,71.192848,71.192848,71.192848,71.192848,71.192848,71.192848,71.192848,71.192848,71.192848,71.192848,71.192848,71.192848,71.192848,71.192848,71.192848,71.192848,71.192848,71.192848,71.192848,71.192848,71.192848,71.192848,71.192848,71.192848,71.192848,71.192848,71.192848,71.192848,71.192848
69.581642,69.581642,69.581642,69.581642,69.581642,69.581642,69.581642,69.581642,69.581642,69.581642,69.581642,69.581642,69.581642,69.581642,69.581642,69.581642,69.581642,69.581642,69.581642,69.581642,69.581642,69.581642,69.581642,69.581642,69.581642,69.581642,69.581642,69.581642,69.581642,69.581642,69.581642,69.581642,69.581642,69.581642,69.581642,69.581642,69.581642,69.581642,69.581642,69.581642,69.581642,69.581642,69.581642,69.581642
73.838913,73.838913,73.838913,73.838913,73.838913,73.838913,73.838913,73.838913,73.838913,73.838913,73.838913,73.838913,73.838913,73.838913,73.838913,73.838913,73.838913,73.838913,73.838913,73.838913,73.838913,73.838913,73.838913,73.838913,73.838913,73.838913,73.838913,73.838913,73.838913,73.838913,73.838913,73.838913,73.838913,73.838913,73.838913,73.838913,73.838913,73.838913,73.838913,73.838913,73.838913,73.838913,73.838913,73.838913
75.721146,75.721146,75.721146,75.721146,75.721146,75.721146,75.721146,75.721146,75.721146,75.721146,75.721146,75.721146,75.721146,75.721146,75.721146,75.721146,75.721146,75.721146,75.721146,75.721146,75.721146,75.721146,75.721146,75.721146,75.721146,75.721146,75.721146,75.721146,75.721146,75.721146,75.721146,75.721146,75.721146,75.721146,75.721146,75.721146,75.721146,75.721146,75.721146,75.721146,75.721146,75.721146,75.721146,75.721146
69.216782,69.216782,69.216782,69.216782,69.216782,69.216782,69.216782,69.216782,69.216782,69.216782,69.216782,69.216782,69.216782,69.216782,69.216782,69.216782,69.216782,69.216782,69.216782,69.216782,69.216782,69.216782,69.216782,69.216782,69.216782,69.216782,69.216782,69.216782,69.216782,69.216782,69.216782,69.216782,69.216782,69.216782,69.216782,69.216782,69.216782,69.216782,69.216782,69.216782,69.216782,69.216782,69.216782,69.216782
70.025406,70.025406,70.025406,70.025406,70.025406,70.025406,70.025406,70.025406,70.025406,70.025406,70.025406,70.025406,70.025406,70.025406,70.025406,70.025406,70.025406,70.025406,70.025406,70.025406,70.025406,70.025406,70.025406,70.025406,70.025406,70.025406,70.025406,70.025406,70.025406,70.025406,70.025406,70.025406,70.025406,70.025406,70.025406,70.025406,70.025406,70.025406,70.025406,70.025406,70.025406,70.025406,70.025406,70.025406
80.853844,80.853844,80.853844,80.853844,80.853844,80.853844,80.853844,80.853844,80.853844,80.853844,80.853844,80.853844,80.853844,80.853844,80.853844,80.853844,80.853844,80.853844,80.853844,80.853844,80.853844,80.853844,80.853844,80.853844,80.853844,80.853844,80.853844,80.853844,80.853844,80.853844,80.853844,80.853844,80.853844,80.853844,80.853844,80.853844,80.853844,80.853844,80.853844,80.853844,80.853844,80.853844,80.853844,80.853844
94.918381,94.918381,94.918381,94.918381,94.918381,94.918381,94.918381,94.918381,94.918381,94.918381,94.918381,94.918381,94.918381,94.918381,94.918381,94.918381,94.918381,94.918381,94.918381,94.918381,94.918381,94.918381,94.918381,94.918381,94.918381,94.918381,94.918381,94.918381,94.918381,94.918381,94.918381,94.918381,94.918381,94.918381,94.918381,94.918381,94.918381,94.918381,94.918381,94.918381,94.918381,94.918381,94.918381,94.918381
84.358536,84.358536,84.358536,84.358536,84.358536,84.358536,84.358536,84.358536,84.358536,84.358536,84.358536,84.358536,84.358536,84.358536,84.358536,84.358536,84.358536,84.358536,84.358536,84.358536,84.358536,84.358536,84.358536,84.358536,84.358536,84.358536,84.358536,84.358536,84.358536,84.358536,84.358536,84.358536,84.358536,84.358536,84.358536,84.358536,84.358536,84.358536,84.358536,84.358536,84.358536,84.358536,84.358536,84.358536
86.290787,86.290787,86.290787,86.290787,86.290787,86.290787,86.290787,86.290787,86.290787,86.290787,86.290787,86.290787,86.290787,86.290787,86.290787,86.290787,86.290787,86.290787,86.290787,86.290787,86.290787,86.290787,86.290787,86.290787,86.290787,86.290787,86.290787,86.290787,86.290787,86.290787,86.290787,86.290787,86.290787,86.290787,86.290787,86.290787,86.290787,86.290787,86.290787,86.290787,86.290787,86.290787,86.290787,86.290787
67.708572,67.708572,67.708572,67.708572,67.708572,67.708572,67.708572,67.708572,67.708572,67.708572,67.708572,67.708572,67.708572,67.708572,67.708572,67.708572,67.708572,67.708572,67.708572,67.708572,67.708572,67.708572,67.708572,67.708572,67.708572,67.708572,67.708572,67.708572,67.708572,67.708572,67.708572,67.708572,67.708572,67.708572,67.708572,67.708572,67.708572,67.708572,67.708572,67.708572,67.708572,67.708572,67.708572,67.708572
69.926216,69.926216,69.926216,69.926216,69.926216,69.926216,69.926216,69.926216,69.926216,69.926216,69.926216,69.926216,69.926216,69.926216,69.926216,69.926216,69.926216,69.926216,69.926216,69.926216,69.926216,69.926216,69.926216,69.926216,69.926216,69.926216,69.926216,69.926216,69.926216,69.926216,69.926216,69.926216,69.926216,69.926216,69.926216,69.926216,69.926216,69.926216,69.926216,69.926216,69.926216,69.926216,69.926216,69.926216
66.154915,66.154915,66.154915,66.154915,66.154915,66.154915,66.154915,66.154915,66.154915,66.154915,66.154915,66.154915,66.154915,66.154915,66.154915,66.154915,66.154915,66.154915,66.154915,66.154915,66.154915,66.154915,66.154915,66.154915,66.154915,66.154915,66.154915,66.154915,66.154915,66.154915,66.154915,66.154915,66.154915,66.154915,66.154915,66.154915,66.154915,66.154915,66.154915,66.154915,66.154915,66.154915,66.154915,66.154915
58.633369,58.633369,58.633369,58.633369,58.633369,58.633369,58.633369,58.633369,58.633369,58.633369,58.633369,58.633369,58.633369,58.633369,58.633369,58.633369,58.633369,58.633369,58.633369,58.633369,58.633369,58.633369,58.633369,58.633369,58.633369,58.633369,58.633369,58.633369,58.633369,58.633369,58.633369,58.633369,58.633369,58.633369,58.633369,58.633369,58.633369,58.633369,58.633369,58.633369,58.633369,58.633369,58.633369,58.633369
112.93623,112.93623,112.93623,112.93623,112.93623,112.93623,112.93623,112.93623,112.93623,112.93623,112.93623,112.93623,112.93623,112.93623,112.93623,112.93623,112.93623,112.93623,112.93623,112.93623,112.93623,112.93623,112.93623,112.93623,112.93623,112.93623,112.93623,112.93623,112.93623,112.93623,112.93623,112.93623,112.93623,112.93623,112.93623,112.93623,112.93623,112.93623,112.93623,112.93623,112.93623,112.93623,112.93623,112.93623
99.392548,99.392548,99.392548,99.392548,99.392548,99.392548,99.392548,99.392548,99.392548,99.392548,99.392548,99.392548,99.392548,99.392548,99.392548,99.392548,99.392548,99.392548,99.392548,99.392548,99.392548,99.392548,99.392548,99.392548,99.392548,99.392548,99.392548,99.392548,99.392548,99.392548,99.392548,99.392548,99.392548,99.392548,99.392548,99.392548,99.392548,99.392548,99.392548,99.392548,99.392548,99.392548,99.392548,99.392548
