21.752642,21.603346,21.603346,21.739546,21.564058,21.734308,19.892994,21.697638,21.742165,21.645254,21.757881,20.249208,20.443031,21.776215,21.72645,21.223558,21.784073,21.763119,21.372854,21.006165,21.786692,21.626919,21.461908,21.75526,21.744785,20.710192,21.747404,21.605967,20.670904,21.786692,20.448269,21.72645,20.979971,21.7605,21.718592,21.763119,21.52215,21.776215,21.585012,21.786692,18.868879,16.419905,21.731688,21.765738
12.087364,12.107254,12.073157,12.104412,12.004963,12.078839,11.601482,11.840161,12.101571,12.075998,12.164082,11.430998,11.462254,12.172606,12.132827,11.803223,12.175447,12.161241,11.902672,11.93961,12.175447,12.050426,12.010646,12.149875,12.135668,11.621372,12.144192,12.11862,11.692408,12.175447,11.666835,12.121461,11.561703,12.144192,12.147034,12.172606,12.075998,12.169765,11.97939,12.175447,10.862716,8.7600708,11.843002,12.169765
11.163213,11.126301,11.078842,11.139483,11.060387,11.152666,10.920649,10.891646,11.099935,11.155303,11.173759,10.533073,10.364333,11.186941,11.139483,10.841552,11.186941,11.176395,10.883737,11.068296,11.186941,11.039294,11.028748,11.152666,11.168486,10.664902,11.155303,11.142119,10.87319,11.186941,10.902192,11.171123,10.548893,11.160576,11.139483,11.186941,11.055113,11.184305,11.055113,11.189578,9.9899416,7.8305955,10.61217,11.184305
13.460471,13.465889,13.392749,13.425256,13.387331,13.46318,13.111025,13.029757,13.455053,13.468597,13.474015,12.699273,12.566538,13.506522,13.381913,13.265431,13.503814,13.492978,12.978289,13.059556,13.506522,13.373787,13.395458,13.46318,13.46318,13.262722,13.484851,13.474015,12.515069,13.506522,13.411711,13.333154,13.138113,13.46318,13.460471,13.498396,13.21938,13.495687,12.783249,13.506522,12.103317,9.7574196,13.075809,13.501104
24.552258,24.620789,24.638666,24.641645,24.549276,24.635687,23.17864,24.498623,24.579073,24.501602,24.617809,23.241215,23.604731,24.677402,24.647606,24.337723,24.674421,24.674421,24.242374,20.899214,24.683361,24.546297,24.558216,24.635687,24.632708,24.44499,24.528419,24.641645,20.657864,24.680382,24.585033,23.935471,24.427113,24.623768,24.647606,24.623768,24.337723,24.674421,24.361559,24.683361,22.123848,19.057795,24.626747,24.653564
16.111526,16.111526,16.111526,16.120413,16.070055,16.096716,15.513158,16.093754,16.052282,16.075981,16.007849,15.054013,15.160654,16.150036,16.075981,15.871587,16.135225,16.135225,15.803456,14.520814,16.152998,16.078943,16.078943,15.972302,16.114489,15.936756,15.696815,16.147074,13.753598,16.150036,16.096716,15.960454,15.88936,15.954529,16.093754,16.114489,16.016735,16.14115,15.951567,16.152998,14.728169,12.050321,16.001925,16.073019
9.2924671,9.2895327,9.2513885,9.254323,9.204442,9.2954006,9.0665369,9.2924671,9.2836647,9.2279158,9.2249813,8.6645575,8.6968336,9.3159399,9.2748613,9.0665369,9.3159399,9.3100719,9.0694714,8.9814463,9.3130054,9.1076155,9.260191,9.2807302,9.2836647,9.0782738,9.1076155,9.3012695,8.4943771,9.3130054,9.2572565,9.2777958,8.9433022,9.2865982,9.2836647,9.3071375,9.2484541,9.304203,9.1897717,9.3130054,8.5266523,6.1763949,9.2455206,9.3071375
7.307817,7.3052788,7.3179703,7.3027406,7.2849722,7.3281236,7.1250582,7.3281236,7.3332005,7.3103557,7.3128939,6.7671556,6.8636117,7.3408155,7.3179703,7.1809015,7.3382769,7.3281236,7.1149049,6.8331518,7.3408155,7.1428266,7.2875109,7.3179703,7.3002024,7.1758246,7.2849722,7.3002024,6.8788414,7.3408155,7.3027406,7.307817,7.0768304,7.3002024,7.307817,7.3332005,7.2722807,7.3382769,7.2875109,7.3382769,6.7062359,4.7365012,7.2976642,7.3382769
7.7961774,7.7935281,7.801475,7.7749848,7.743196,7.7961774,7.6239886,7.7908792,7.8067732,7.7776337,7.7961774,7.1339126,7.200139,7.8200188,7.6875658,7.6054449,7.8147206,7.8041244,7.5974979,7.4359055,7.8200188,7.6822677,7.6928639,7.8094225,7.7908792,7.6584263,7.7935281,7.7405472,7.3723278,7.8200188,7.7829318,7.7988262,7.6001468,7.7855811,7.8041244,7.8094225,7.7087584,7.8173695,7.5286222,7.8200188,7.1392107,5.4173231,7.6690226,7.7988262
6.9050117,6.9326653,6.9105425,6.9354305,6.8497052,6.9160733,6.8054605,6.9160733,6.9464917,6.9464917,6.9464917,6.4183149,6.4736214,6.9630837,6.8773584,6.7971644,6.9547877,6.9520226,6.7473884,6.7197351,6.9630837,6.8414097,6.8994813,6.9520226,6.8884201,6.8745933,6.9437265,6.9354305,6.6561327,6.9630837,6.9271345,6.9437265,6.7114391,6.9243693,6.9298997,6.9630837,6.8441749,6.9630837,6.7225003,6.9575529,6.2247424,4.5959668,6.9105425,6.9630837
6.0236011,6.054347,6.051785,6.0031042,5.9697962,6.0569091,5.9595475,6.0774064,6.0645957,6.0466604,6.0876546,5.680274,5.7315168,6.0902171,6.0825305,5.9339261,6.0927792,6.0850925,5.9057426,5.928802,6.0927792,5.8365645,6.0466604,6.0440984,5.987731,5.9902935,6.0722818,5.9749203,5.9544234,6.0927792,6.0825305,6.0876546,5.8109431,6.0774064,6.0825305,6.0902171,5.9826069,6.0902171,6.0107903,6.0902171,5.6623387,3.7330444,6.0774064,6.0927792
13.298333,13.308744,13.267097,13.285318,13.152569,13.339979,12.816792,13.334774,13.334774,13.243671,13.345185,12.460192,12.363884,13.3582,13.324362,13.105717,13.352994,13.350391,12.676234,12.907894,13.360803,12.366487,13.298333,13.337377,13.308744,13.225451,13.350391,13.248878,12.80638,13.355597,13.329568,13.337377,12.993791,13.329568,13.259289,13.3582,13.222848,13.326965,12.697058,13.360803,12.054135,9.2872286,13.316553,13.355597
13.093267,13.07964,13.052385,13.098719,12.992424,13.115071,12.83162,13.098719,13.098719,13.038757,13.10962,12.242914,12.234737,13.123248,12.907934,12.88613,13.125974,13.106895,12.512737,12.932464,13.128699,12.281071,13.055111,13.117797,13.106895,13.041483,13.071464,13.076915,12.504561,13.128699,13.087816,13.115071,12.867052,13.093267,13.04966,13.123248,13.014228,13.117797,11.877698,13.125974,11.708717,8.9259892,13.10962,13.123248
11.601619,11.631125,11.585524,11.598936,11.486273,11.641855,11.389705,11.617713,11.633808,11.615031,11.652585,10.93637,10.949782,11.660633,11.566747,11.4058,11.660633,11.660633,11.357515,11.338738,11.663315,10.20406,11.601619,11.633808,11.633808,11.534557,11.649903,11.636491,11.252899,11.663315,11.633808,11.655268,11.36288,11.631125,11.625761,11.652585,11.539923,11.663315,11.148284,11.663315,10.421338,7.8488636,11.553334,11.65795
67.739159,67.867249,65.057091,67.71563,67.208496,67.7836,67.375801,67.971817,67.537872,67.652893,67.898621,61.196068,58.495705,68.076378,66.988914,67.333977,68.086838,68.063309,66.097504,66.659538,68.086838,65.45182,66.49485,67.833267,67.950905,67.775757,66.858208,67.885551,63.721287,68.084221,67.780983,68.03717,67.360115,67.733932,67.417625,68.081604,67.689491,68.03717,66.811157,68.065918,59.368813,52.308128,68.016251,68.076378
89.075043,88.988869,86.910316,89.142937,88.558014,89.163826,88.714691,89.364891,88.712082,88.881813,89.338783,80.559746,75.039558,89.414505,87.764191,88.599792,89.411896,89.349228,85.171219,88.484901,89.411896,88.111488,87.6493,88.939255,89.330948,89.226494,87.819031,89.244774,82.902039,89.414505,89.184715,89.38578,88.834808,88.79303,88.503181,89.411896,88.975815,89.370117,86.375008,89.401451,76.799545,68.409592,89.38578,89.409286
76.875122,76.696999,75.402275,76.922974,76.303528,76.925636,76.478996,77.005394,76.532166,76.537483,77.002731,69.524185,65.158821,77.069199,75.708015,76.303528,77.053246,77.04261,73.732697,76.14402,77.069199,73.929428,75.668137,76.712952,76.989441,76.798027,76.590652,76.755486,72.089699,77.053246,76.888412,77.045273,76.457726,76.667755,76.428482,77.061226,76.625221,77.058563,74.992859,77.050591,66.073364,57.568607,77.031975,77.063881
90.771614,90.885605,88.337029,90.828606,90.057793,91.059311,90.562622,91.18145,90.340065,91.0186,90.937172,81.692825,75.412308,91.273727,89.881378,90.554482,91.273727,91.110878,86.85511,90.220642,91.276443,90.169075,89.756523,90.790611,91.08374,91.075592,90.787895,91.024025,85.620178,91.273727,91.138023,91.25473,90.388916,90.321068,90.383492,91.273727,90.853035,91.262871,89.208267,91.121735,79.708786,68.379974,91.208588,91.271011
104.76983,104.07361,102.27264,104.81299,103.69961,104.86765,104.29801,104.94245,104.24335,104.71805,104.26637,89.545021,85.635246,104.95683,103.36588,104.23759,104.95396,104.79285,100.34221,103.77153,104.95108,104.48214,102.85091,104.70942,104.79572,104.82449,104.18581,104.60297,100.46304,104.95396,104.83888,104.94245,104.28651,104.11389,103.78304,104.95683,104.58283,104.94245,103.34286,104.0132,91.112961,79.061424,104.95396,104.95108
50.190941,50.034637,49.22953,50.279415,49.860641,50.285313,49.483154,50.341347,49.63356,50.205685,50.078876,43.691097,43.823807,50.376736,49.256073,49.834099,50.364937,50.341347,48.082325,49.082073,50.379684,49.648304,49.795761,50.288261,50.25877,50.241077,49.244274,50.264668,46.991154,50.376736,50.282364,50.314804,49.890133,50.067078,49.887184,50.376736,50.052334,50.364937,49.639458,50.002197,45.537243,37.211899,50.361988,50.373787
26.661203,26.658274,26.403353,26.669994,26.549858,26.661203,26.418003,26.740316,26.593811,26.623112,26.605532,23.895166,24.147156,26.757898,26.476606,26.300798,26.757898,26.731527,25.536036,26.157223,26.757898,26.239265,26.511766,26.693436,26.667065,26.658274,25.374878,26.702225,24.610117,26.757898,26.708086,26.722736,26.55279,26.646553,26.57037,26.746178,26.672924,26.746178,25.966764,26.476606,23.836563,19.124922,26.746178,26.754967
19.233797,19.20236,19.024221,19.254755,19.152586,19.257374,18.819885,19.273092,19.241657,19.233797,19.181404,17.224491,17.124943,19.307148,18.995405,19.050419,19.307148,19.29405,18.405973,18.440029,19.307148,19.199741,19.152586,19.262613,19.239037,19.194502,18.777971,19.244276,18.426931,19.307148,19.252134,19.262613,19.087095,19.199741,19.121151,19.270473,19.236418,19.296671,18.887999,19.228558,16.952044,13.690524,19.29405,19.291431
14.94164,14.939209,14.759306,14.94164,14.866275,14.961089,14.50647,14.987831,14.968382,14.91976,14.951365,13.429485,13.842775,14.987831,14.885724,14.756875,14.995124,14.987831,14.236616,14.443261,14.995124,14.776324,14.907604,14.990262,14.939209,14.934346,14.803066,14.956226,14.15882,14.995124,14.931915,14.978106,14.87843,14.965951,14.910035,14.995124,14.936777,14.978106,14.363034,14.973245,13.052662,10.074545,14.995124,14.992693
15.699247,15.718899,15.237432,15.716442,15.650118,15.706616,15.485535,15.772941,15.731181,15.723812,15.748376,13.606342,13.918312,15.772941,15.657487,15.591163,15.780311,15.753289,14.996699,15.534664,15.780311,15.421667,15.600988,15.736094,15.726268,15.677139,15.458514,15.718899,15.077763,15.775397,15.750833,15.768028,15.576424,15.71153,15.657487,15.780311,15.699247,15.772941,15.279192,15.760658,14.176241,11.294811,15.772941,15.777854
11.466173,11.49909,11.325727,11.424479,11.446423,11.54298,11.183084,11.558342,11.532008,11.450811,11.553952,10.419405,10.612519,11.569314,11.490313,11.347672,11.56712,11.54298,11.139195,11.115056,11.569314,11.137001,11.490313,11.551758,11.532008,11.461784,11.463979,11.534203,11.027277,11.564925,11.516646,11.558342,11.391561,11.501285,11.501285,11.564925,11.472756,11.562731,11.422283,11.551758,10.377709,7.8145537,11.558342,11.56712
11.589918,11.574723,11.407571,11.59426,11.524795,11.585577,11.279493,11.631164,11.59209,11.568211,11.607285,10.011744,10.667327,11.631164,11.572552,11.453157,11.635506,11.62031,11.175295,11.312056,11.637676,11.537819,11.563869,11.615968,11.602943,11.576894,11.385863,11.602943,11.064584,11.633334,11.62031,11.624651,11.153587,11.583406,11.544332,11.635506,11.542161,11.628993,11.398888,11.628993,10.376439,8.16222,11.631164,11.633334
9.4803829,9.4763155,9.3583698,9.4600477,9.4397116,9.4844494,9.1489153,9.508852,9.4844494,9.4559803,9.4783487,8.5591869,8.7503405,9.5169868,9.4336109,9.3502359,9.5108862,9.5129194,9.0269022,9.2770281,9.5210533,9.1773844,9.4376783,9.4844494,9.49055,9.4539471,9.2607603,9.4763155,9.0533381,9.5210533,9.4925842,9.5108862,9.2627935,9.4742823,9.4397116,9.5190201,9.4661474,9.5108862,9.3583698,9.5108862,8.6079922,6.6334209,9.508852,9.5190201
11.835318,11.835318,11.735003,11.850179,11.76101,11.829744,11.068093,11.855752,11.855752,11.798163,11.84089,10.878609,11.133112,11.868755,11.794448,11.655122,11.878044,11.859468,11.421053,11.370895,11.878044,11.289158,11.770298,11.852036,11.859468,11.787017,11.653264,11.824171,11.079239,11.878044,11.855752,11.868755,11.723856,11.818598,11.794448,11.872471,11.824171,11.876186,11.783302,11.846463,10.521934,8.2499838,11.853894,11.870613
8.8908091,8.9864283,8.9209118,8.9598675,8.9155989,8.9510136,8.6889467,8.9881992,8.9899702,8.9279947,8.9988232,8.1046076,8.3525085,9.0253839,8.9386187,8.8040438,9.0253839,9.0059061,8.6836348,8.6517611,9.0271549,8.781024,8.9651794,9.0023651,8.9634085,8.9457016,8.8677893,9.0023651,8.6960297,9.0253839,8.9988232,9.0094481,8.8235216,8.9952822,8.9758043,9.0236139,8.9899702,9.018301,8.9651794,9.016531,8.0709639,6.1638932,9.0059061,9.0236139
10.651196,10.665298,10.571866,10.663535,10.556001,10.660009,9.9442883,10.668823,10.656484,10.605361,10.668823,9.7873945,9.9936485,10.698792,10.624752,10.432601,10.698792,10.658247,10.319777,10.166409,10.700555,10.228109,10.571866,10.672349,10.644144,10.591258,10.59831,10.682926,9.9901228,10.700555,10.638855,10.688215,10.570104,10.658247,10.642381,10.700555,10.658247,10.698792,10.605361,10.682926,9.6058197,7.5520887,10.651196,10.698792
10.62974,10.770779,10.681514,10.535118,10.695796,10.758282,10.311954,10.792203,10.77792,10.760067,10.761852,9.7567225,10.120926,10.806485,10.706508,10.51905,10.80827,10.797559,10.29053,10.37444,10.80827,10.69044,10.695796,10.768993,10.694011,10.74757,10.661875,10.767208,10.354801,10.80827,10.78149,10.801129,10.597604,10.761852,10.742214,10.802915,10.78149,10.801129,10.710078,10.776134,9.4799995,7.55722,10.795774,10.790418
11.248445,11.296751,11.20704,11.279499,11.232918,11.262246,10.487622,11.308827,11.312278,11.305377,11.322629,10.304749,10.506599,11.339882,11.263971,11.093175,11.341607,11.324354,10.872346,10.539379,11.339882,11.203588,11.265697,11.315728,11.231193,11.284675,11.198413,11.25362,10.730878,11.339882,11.319179,11.243269,11.0949,11.307102,11.25362,11.334705,11.303652,11.338157,11.255345,11.33298,10.290947,7.9446454,11.326079,11.331255
15.97393,16.158421,16.089008,15.942878,16.094488,16.010464,14.580207,16.098141,16.176687,16.182167,16.143808,14.980241,15.245103,16.205914,16.143808,15.997677,16.202259,16.191299,15.681668,14.350051,16.205914,16.012289,16.138327,16.162073,16.023249,16.072569,16.068916,16.165728,15.3821,16.207739,16.176687,16.103621,16.015944,16.154768,16.079876,16.196779,16.147461,16.205914,16.120062,16.204086,14.742778,11.595484,16.198606,16.182167
13.594784,13.784735,13.710175,13.617862,13.71905,13.667568,12.930844,13.639165,13.798936,13.807813,13.798936,12.64148,12.669884,13.818464,13.697747,13.704848,13.82379,13.806037,13.259263,12.735568,13.825564,13.671119,13.711949,13.775858,13.56993,13.784735,13.598334,13.798936,13.209557,13.82379,13.814914,13.806037,13.616087,13.766982,13.699523,13.813138,13.751005,13.822015,13.745679,13.811363,12.467506,9.8206244,13.820239,13.82379
11.774797,11.951167,11.880619,11.897416,11.880619,11.892378,11.655538,11.966285,11.983082,11.979723,11.983082,10.931581,10.913104,12.011637,11.845345,11.862143,12.014997,12.003239,11.363267,11.459011,12.013317,11.925972,11.890697,11.99484,11.920933,11.962925,11.830228,11.988121,11.418698,12.008278,11.999879,11.99484,11.761359,11.947808,11.890697,12.006598,11.942769,12.009957,11.907495,11.999879,10.941659,8.1617317,12.008278,12.013317
24.436594,24.5763,24.386576,24.53318,24.42452,24.5832,24.07439,24.626318,24.603897,24.122684,24.626318,22.1047,22.958464,24.676338,24.495235,24.340006,24.678062,24.650465,20.956001,23.632849,24.678062,24.436594,24.381401,24.634943,24.588373,24.598722,24.345181,24.605621,23.827749,24.674612,24.596998,24.665989,24.3883,24.5832,24.371052,24.672888,24.502134,24.65564,24.414171,24.653915,21.601067,18.548216,24.647017,24.672888
27.987152,28.228624,27.760876,28.183031,28.139128,28.177965,27.553177,28.272528,28.243822,28.103666,28.240444,25.41032,25.999647,28.304611,28.132372,28.134062,28.316431,28.201605,25.722715,27.185059,28.314743,28.120552,28.134062,28.221869,28.232,28.204983,28.005726,27.792961,26.73082,28.313055,28.272528,28.296169,25.606199,28.193163,28.12224,28.299545,28.203295,28.307989,28.080025,28.272528,25.332644,21.649769,28.291103,28.311365
28.255762,28.304976,27.986843,28.312006,28.155577,28.362978,26.39794,28.389343,28.341887,28.282127,28.355947,25.874165,26.332909,28.229397,28.322552,28.159092,28.403404,28.336613,26.401455,26.202843,28.408676,28.243458,28.187214,28.326067,28.382313,28.269823,28.255762,28.145031,27.025417,28.408676,28.348917,28.340128,25.522638,28.331341,28.243458,28.359463,28.329582,28.364735,28.285643,28.382313,25.52088,21.886087,28.392859,28.355947
35.061569,35.127441,34.884663,35.11615,34.831966,35.187664,33.544682,35.230949,35.19331,35.127441,35.210247,31.557295,31.66457,35.067215,34.767979,35.012638,35.261063,35.133087,32.955616,33.234154,35.274235,35.005112,34.860195,35.187664,35.125557,35.15567,34.632477,35.150024,33.704651,35.272354,35.214012,35.168842,32.889748,35.129322,34.929832,35.234715,35.106739,35.197075,35.151905,35.185783,31.314518,27.623926,35.232834,35.198956
69.274361,69.233856,68.626251,69.370102,68.534187,69.513718,68.053627,69.620514,69.058937,69.427185,68.580215,62.660671,61.443619,69.533974,68.94294,69.08287,69.710732,69.624191,66.240021,67.341072,69.707047,69.353531,68.401619,68.963196,69.561592,69.511879,66.333923,69.486099,65.88282,69.71994,69.473213,69.707047,68.184357,68.902435,68.981606,69.708893,69.535812,69.572639,68.904274,69.353531,61.042233,55.012207,69.670227,69.589211
75.570229,75.518303,74.124817,75.637741,74.651047,75.807381,74.692596,75.869698,74.820694,74.516029,74.41909,69.208664,66.610374,75.745064,75.243065,75.322693,75.933746,75.911247,71.137039,74.104042,75.938942,75.606583,73.757835,73.614159,75.878357,75.739876,74.734138,75.570229,72.985794,75.945869,75.616966,75.945869,74.910706,74.595657,75.151321,75.940674,75.696594,75.784882,74.971291,75.900856,65.493858,60.704071,75.876625,75.509644
81.957199,81.310303,81.665352,81.910728,81.286133,82.115204,80.295341,82.176552,81.91259,80.440338,81.172745,78.215225,71.911682,82.130081,81.670929,81.336327,82.172836,82.193283,77.57019,78.456886,81.866112,81.97393,80.676414,81.354919,82.152382,81.481323,81.498055,81.907013,77.443779,82.291801,81.695099,82.273216,81.598434,81.84938,81.659775,82.249046,81.514778,82.223022,81.018456,81.58728,70.723846,63.12093,82.236038,81.691376
90.130554,87.242271,90.010666,89.859428,89.555107,90.230148,88.011375,90.392456,90.362946,88.177368,89.912918,87.04493,80.801743,90.416428,90.043869,88.520424,90.176659,90.469917,87.118698,82.797348,89.922142,89.997757,88.597885,89.826233,90.385078,88.985199,90.005135,90.154533,84.988457,90.516029,90.134239,90.460693,89.923981,89.911072,89.883408,90.433029,89.920296,89.767212,90.10289,90.128708,79.982841,66.535561,90.416428,90.252281
103.07147,101.01488,102.64912,103.04388,101.91901,103.19244,100.92574,103.26248,103.03963,101.86383,102.60667,98.697235,90.5112,103.25187,102.75948,101.55821,103.30069,103.27522,96.863495,96.68309,103.18183,102.97172,101.66221,102.4772,103.22004,102.89956,102.53663,103.02902,96.990837,103.30069,103.1691,103.27522,102.62365,102.23312,102.22888,103.26248,102.84225,100.69016,102.5812,102.25223,89.095566,76.08535,103.28583,103.18395
115.62753,115.0649,114.58751,115.70303,114.13204,115.85648,112.08366,115.90276,115.65676,115.26706,114.48278,109.20229,100.77008,115.87354,113.95668,113.57671,115.92955,115.89545,109.91594,108.1233,115.79316,115.76637,113.869,115.11848,115.75175,114.48765,113.47929,115.72739,109.30215,115.92468,115.79072,115.87109,115.30359,114.86274,114.96991,115.66163,115.55202,115.75906,115.30116,114.73365,101.6664,86.105034,115.92468,115.68842
75.493637,74.976974,75.15863,75.772018,74.809471,75.944237,72.549385,76.007935,75.703598,75.63047,75.816841,72.141243,68.814804,75.675293,75.290749,74.462677,75.819199,76.000854,73.891754,68.604843,75.795609,75.488914,74.498062,75.588005,75.941879,73.884674,74.708031,75.953674,70.93335,76.010292,75.927727,75.328491,75.635185,75.602158,75.597435,75.231766,75.437012,76.031525,75.788528,75.486557,68.644943,57.585129,75.99614,75.116165
36.725601,36.354259,36.711079,36.677887,36.379154,36.895714,35.354328,36.943428,36.877045,36.416496,36.816879,34.474724,34.74234,36.98077,36.682037,36.375004,36.754646,36.677887,35.908234,35.489174,36.947578,36.582458,36.416496,36.806507,36.933056,36.677887,35.951797,36.904011,32.929192,36.943428,36.856297,36.787838,36.269203,36.818954,36.808582,36.978695,36.864597,36.982845,36.623947,36.66544,32.700993,27.466925,36.9538,36.868744
26.094032,26.012749,26.126545,26.073711,26.029005,26.289112,25.472214,26.224085,26.268791,26.055422,26.242374,24.604511,24.718309,26.339914,26.100128,25.842052,26.00462,25.923336,25.590075,25.673389,26.34601,26.173283,25.848148,26.258631,26.301304,26.203764,25.821732,26.293177,23.533602,26.285048,26.274887,26.213924,26.193604,26.191572,26.211893,26.323658,26.203764,26.343979,25.8197,26.289112,23.466543,18.68301,26.309433,26.215958
32.091469,32.131481,31.673372,32.207497,31.923431,32.239506,31.40531,32.047459,32.229504,31.519337,32.169487,29.852949,29.796936,32.327526,32.213497,31.893423,32.139481,30.943203,31.543343,31.815405,32.223499,32.161488,31.821407,32.189491,32.249508,32.227501,31.983444,32.269512,28.56465,32.191494,32.291515,32.109474,32.135479,32.067463,32.195496,32.319523,32.191494,32.331528,32.063465,32.115475,28.686678,23.387444,32.279514,32.293518
22.890356,22.839176,22.7027,22.94343,22.482819,22.964281,21.967236,22.951014,22.837282,22.74061,22.930162,21.428907,21.36825,22.882774,22.882774,22.700804,22.797476,22.664789,22.488504,22.515041,22.985132,22.890356,22.579491,22.763355,22.962385,22.801266,22.746296,22.941536,20.08877,22.964281,22.969969,22.829699,22.84676,22.869505,22.886564,22.875193,22.890356,23.007879,22.793684,22.932058,20.82992,16.506229,22.975655,22.913103
42.816784,42.362652,42.558079,42.807476,42.297508,42.863312,40.062214,42.878204,42.77956,42.621357,42.835396,41.054234,41.095177,42.595303,42.787003,42.143032,42.660442,42.666027,42.381264,40.654076,42.773975,42.755363,42.442684,42.701389,42.859592,42.412903,42.643692,42.842838,38.396446,42.878204,42.807476,37.363483,42.712555,42.675331,42.788864,42.113251,42.647415,42.904259,42.571106,42.88937,39.632278,31.714758,42.887508,42.349625
48.62616,48.055233,48.410389,48.631886,48.066689,48.692989,44.476913,48.675804,48.612793,48.295822,48.719723,46.542942,47.146332,48.5536,48.574604,48.005585,48.628067,48.482948,48.076237,45.613041,48.608974,48.603245,48.2309,48.641434,48.698719,48.4123,48.542141,48.677715,44.410084,48.729267,48.246178,42.214211,48.477222,48.601334,48.643345,48.102966,48.461945,48.765549,48.246178,48.750275,45.068844,36.522129,48.702538,48.330193
31.501287,31.0588,31.339684,31.489744,31.170383,31.526297,28.998344,31.530146,31.447418,31.280043,31.528221,29.867929,30.35659,31.501287,31.505135,31.162687,31.445496,31.474354,31.116514,29.746727,31.383932,31.495516,31.274271,31.424332,31.535917,31.358921,31.385855,31.355074,28.769405,31.547461,31.276196,27.432323,31.476276,31.445496,31.426256,31.316597,31.331987,31.405094,31.320444,31.555155,29.36965,23.336424,31.560926,31.033789
31.818571,31.536175,31.676413,31.79936,31.532331,31.835859,28.931213,31.795517,31.762859,31.549622,31.818571,29.885981,30.506485,31.743649,31.793596,31.073198,31.70907,31.609175,31.3652,30.446932,31.718676,31.778229,31.626465,31.778229,31.832018,31.597649,31.599569,31.79744,28.887028,31.810886,31.772465,28.360657,31.714832,31.670649,31.641832,31.457411,31.468937,31.79936,31.586123,31.839703,29.640085,23.859606,31.845465,30.990593
27.975775,27.748426,27.716795,27.940189,27.63574,28.003452,25.90591,27.977751,27.967867,27.714817,27.977751,25.601461,26.57412,27.961937,27.954029,27.436068,27.837389,27.799826,27.552708,27.323381,27.926352,27.89472,27.75831,27.969843,28.003452,27.760288,27.782034,27.993567,25.5639,27.99752,27.987637,26.665058,27.890766,27.922398,27.872972,27.657486,27.604109,27.898674,27.829481,28.01729,25.888119,20.88249,27.975775,26.330956
26.148418,26.140554,26.164145,26.205425,25.902699,26.232944,24.626926,26.278156,26.238842,25.627493,26.19363,24.487358,24.998453,26.203459,26.199528,25.658945,26.120897,25.698261,25.991158,25.582281,26.211321,26.205425,26.132692,26.221149,26.246706,26.044233,26.032438,26.221149,23.449442,26.197561,26.266363,25.368015,26.126795,26.172007,26.087479,25.214685,25.969534,26.189699,26.016712,26.268328,24.104036,19.390167,26.274225,25.696295
34.235237,33.979778,34.095207,34.242805,33.798119,34.282543,33.361,34.269299,34.182251,31.650373,34.221989,31.296516,33.037418,34.261726,33.480213,33.40263,34.081963,32.46595,33.801903,33.800011,34.233345,34.195499,34.068714,34.134945,34.20496,34.203068,33.748917,34.223881,30.371189,33.975994,34.252266,33.646736,34.100883,34.127377,34.11602,33.977886,34.144405,34.104668,33.767841,34.274975,30.804522,26.416311,34.263618,34.06493
31.499727,31.313507,31.37302,31.492046,30.879639,31.555401,30.839323,31.524683,31.37686,29.860235,31.424854,29.224789,30.092529,31.526604,30.858521,30.969868,31.330786,30.320982,31.127289,30.921873,31.505486,31.469009,31.265512,31.246315,31.55732,31.455572,31.108091,31.522764,27.496988,31.184883,31.538122,31.010183,31.369181,31.449812,31.486288,31.413336,31.369181,31.315428,30.921873,31.534283,28.383926,23.784136,31.561159,31.411417
32.028988,31.926704,32.022972,32.079128,31.674002,32.125256,30.59701,32.069099,31.950771,31.146538,31.978849,29.844921,30.711329,32.073112,31.832443,31.617847,31.517569,31.768265,31.732164,31.615841,32.097179,32.012943,31.876566,31.990883,32.109211,31.986872,31.28091,32.121246,27.977734,32.063084,32.109211,31.678013,32.028988,31.930716,31.984867,31.232777,31.834448,31.714113,31.722136,32.137291,29.012608,23.146309,32.04303,32.016956
22.082058,22.159895,22.113991,22.165882,22.002224,22.223763,21.441391,22.235737,22.215778,21.964302,22.163887,20.441471,20.180014,22.241724,22.072079,21.75873,22.167879,22.143929,21.850538,21.980268,22.2537,22.151913,22.121975,22.221767,22.217775,22.227755,21.880476,22.243721,19.02841,22.251703,22.257692,22.016193,22.173866,22.203804,22.165882,22.104012,22.115986,22.147921,22.074074,22.243721,20.138102,15.998714,22.167879,22.012203
23.155983,23.298864,22.914755,23.265463,22.988979,23.309998,22.358076,23.297009,23.332264,23.059492,23.30443,21.341209,22.165094,23.358244,23.235773,22.892488,23.207939,23.17454,22.987123,22.933311,23.350821,23.217218,23.291441,23.274742,23.345253,23.285875,23.102171,23.311853,19.981058,23.367521,23.265463,22.994547,23.220928,23.241341,23.295153,23.196806,23.091038,23.152271,23.202374,23.367521,21.550892,16.889635,23.198662,23.14485
34.375935,34.292564,33.964897,34.261539,34.025002,34.420528,33.342522,34.391445,34.38369,34.063778,34.31583,31.863174,31.392033,34.459305,34.335217,33.422016,34.282867,34.381748,34.026939,34.059898,34.430222,34.325523,34.247971,34.302258,34.422466,34.358482,33.947445,34.04245,29.674206,34.455425,34.344913,34.073471,34.321644,34.220825,34.288685,34.408894,34.090923,34.054085,34.313889,34.470936,31.913586,25.110136,34.350727,33.771011
32.657867,32.776459,32.71434,32.610809,32.644691,32.849873,31.468187,32.927052,32.927052,32.573158,32.960938,30.841347,30.926054,32.898815,32.896935,31.863493,32.697399,32.885639,32.473392,32.639046,32.977879,32.72187,32.665398,32.927052,32.838581,32.881874,32.62022,32.81411,28.478926,32.953407,32.898815,32.672928,32.787754,32.821636,32.785873,32.859287,32.765167,32.776459,32.70681,33.013641,30.679459,23.806793,32.80093,32.151501
30.064877,29.969105,29.763876,29.94565,29.62315,30.057058,28.563784,30.060968,30.094196,29.697422,30.082468,28.264738,28.278419,30.086378,30.017967,29.445286,29.844013,29.92415,29.458967,29.810785,29.957376,29.978878,29.910467,30.064877,30.092241,30.021877,29.771694,29.863558,26.21637,30.062923,29.92024,29.922195,29.943695,30.068787,30.062923,30.070742,30.045332,30.086378,29.908514,30.146969,27.484873,22.049271,29.81274,29.232239
25.200186,25.11187,24.850452,25.081842,24.905209,25.184288,23.504511,25.221382,25.194887,24.894611,25.163094,23.940794,24.2605,25.182522,25.207251,24.695017,24.88578,25.115402,24.850452,24.852219,24.942303,25.141897,25.048281,25.194887,25.24081,25.080076,25.007656,25.157793,23.032902,25.254942,25.131298,24.993526,25.118935,25.129532,25.182522,25.152494,24.989992,25.246111,24.684418,25.274372,23.364973,18.410425,25.094206,23.380869
27.764675,27.575865,27.742243,27.65064,27.600166,27.807673,25.502672,27.809542,27.837584,27.469307,27.775892,26.650499,26.856136,27.729156,27.788979,26.762665,27.435658,27.658119,27.473045,27.344055,27.58708,27.777761,27.742243,27.824497,27.772154,27.732895,27.659988,27.725418,25.51763,27.790848,27.702984,27.379574,27.744112,27.802065,27.796455,27.802065,27.611383,27.824497,27.702984,27.858147,26.037329,20.200989,27.779631,24.016481
26.314566,26.045553,26.255556,26.285061,26.151423,26.342335,24.339497,26.37184,26.356218,26.068115,26.292004,25.207277,25.37042,26.198282,26.314566,25.790426,26.208696,26.09762,26.068115,25.852905,26.272911,26.293739,26.262499,26.351011,26.34754,26.179192,26.102827,26.25382,24.282225,26.319773,26.151423,25.653316,26.186134,26.328449,26.337128,26.283325,26.026463,26.375309,26.276382,26.397873,24.993803,19.368853,26.324978,22.256824
34.278976,34.13126,34.14016,34.291435,34.061852,34.364403,32.253666,34.351944,34.296772,32.826733,34.232704,32.894363,33.319714,33.978207,34.330589,33.771759,34.278976,32.490368,33.878544,33.753963,34.339485,34.26474,34.223804,34.31813,34.353725,34.241604,34.154396,34.309231,31.360254,34.125923,34.259399,33.871422,34.236263,34.236263,34.278976,34.359062,33.981766,34.309231,34.115242,34.407116,32.371128,25.69722,34.300335,30.306665
27.188395,27.075352,27.082645,27.115463,27.031593,27.210274,26.068914,27.213919,27.161045,26.769045,27.140989,25.549286,26.285883,27.106348,26.996952,26.75993,27.151928,26.34605,26.852915,26.798218,27.171984,27.148283,27.139166,27.215742,27.201157,27.133696,26.717995,27.11364,24.770756,27.184748,27.073528,26.555723,27.088116,27.099054,27.120934,27.199333,26.863853,27.221212,27.091761,27.223036,26.119967,19.182476,27.210274,22.85816
25.969872,25.874414,25.869011,25.948257,25.818581,25.996887,24.896423,26.009495,26.009495,25.03871,25.832989,24.316473,25.350298,25.849197,25.933849,25.723122,25.969872,24.536205,25.706913,25.46917,25.966269,25.937452,25.926645,25.975275,25.930246,25.883419,25.760944,25.966269,23.507786,25.912237,25.980679,25.591642,25.894226,25.914038,25.90143,25.924845,25.663687,26.016699,25.923042,26.027506,24.853197,18.675468,25.978876,22.80356
28.404844,28.368793,28.377806,28.339952,28.202957,28.38682,27.431459,28.460724,28.466131,26.710432,28.273258,27.099787,27.727079,28.334545,28.467934,28.170511,28.419266,26.281422,28.136263,28.05695,28.446304,28.354372,28.39403,28.439093,28.419266,28.410252,28.293085,28.390425,25.816359,28.361584,28.318321,28.145275,28.321926,28.357979,28.184931,28.424673,27.977636,28.431883,28.368793,28.48596,27.132233,20.61956,28.464329,25.073702
23.94591,23.792213,23.890196,23.936304,23.801819,23.84985,22.641411,23.984335,23.965122,23.200481,23.830637,23.048706,23.467529,23.899801,23.963202,22.943041,23.951674,23.029495,23.726892,23.529009,23.97665,23.905565,23.957438,23.967043,23.926699,23.917091,23.751869,23.903643,21.740366,23.920935,23.886353,23.628912,23.878668,23.897881,23.93054,23.811426,23.565512,23.995861,23.882511,24.00931,22.864271,17.198635,23.990097,20.991095
23.329102,23.319355,23.31156,23.385626,23.237492,23.338846,22.040728,23.428507,23.377829,22.949022,23.282322,22.225895,22.680042,23.362236,23.412914,23.032833,23.381727,22.424706,23.169273,22.947073,23.42071,23.371983,23.381727,23.414864,23.381727,23.313509,23.21995,23.371983,21.239637,23.409016,23.354441,23.130291,23.350542,23.329102,23.368084,23.299864,22.722923,23.436304,23.321304,23.428507,22.424706,16.672832,23.41876,19.844063
23.507643,23.478508,23.42024,23.56591,23.367435,23.432987,22.82299,23.622358,23.540419,22.098276,23.429344,22.1875,23.025108,23.591404,23.500359,23.198092,23.509464,21.439116,23.301882,22.981407,23.615074,23.54224,23.341942,23.600508,23.549522,23.516747,23.414778,23.540419,21.457325,23.127077,23.556807,23.432987,23.52039,23.56591,23.564091,23.578657,23.196272,23.58412,23.525852,23.633284,22.631796,17.691732,23.602329,21.968994
19.707304,19.830498,19.694622,19.82325,19.74535,19.794264,19.370335,19.881224,19.85586,18.60581,19.7689,19.022493,19.415627,19.8776,19.9084,19.453671,19.863108,18.002525,19.578676,19.437366,19.893906,19.776148,19.71455,19.863108,19.830498,19.83231,19.835932,19.718174,17.908319,19.471786,19.805134,19.73629,19.785206,19.84499,19.84499,19.88847,19.707304,19.873978,19.355841,19.9084,18.719946,14.598406,19.816004,19.395697
24.362089,24.491478,24.437874,24.545082,24.484085,24.550627,23.881502,24.681864,24.650442,23.582058,24.421238,23.4767,23.98871,24.654139,24.655987,24.240093,24.533991,23.110714,24.334362,24.192036,24.648594,24.587595,24.495174,24.650442,24.607927,24.593142,24.508114,23.872259,22.382439,24.354696,24.447117,24.315878,24.360241,24.633806,24.622715,24.596838,24.290001,24.678167,24.02198,24.705894,23.674479,18.589495,24.59499,23.243799
20.075659,20.247667,20.130554,20.136045,20.029911,20.170813,19.704191,20.273287,20.282436,19.641975,20.165323,19.199144,19.605379,20.276945,20.273287,19.806665,20.258646,19.032625,19.912798,19.874371,20.295244,20.165323,20.161663,20.260477,20.264137,20.207411,20.117746,19.991484,18.198198,19.976845,19.576099,19.971355,20.028082,20.185452,20.183622,20.238518,20.163492,20.286095,20.053699,20.297075,19.017986,15.047137,20.229368,19.861563
20.050375,20.138914,19.96892,20.000793,19.952984,20.101728,19.660807,20.169016,20.188496,19.512062,20.105268,19.115412,19.157909,20.165476,20.179642,19.779448,20.103498,19.127808,19.859133,19.699764,20.184954,20.075167,19.99194,20.172558,20.169016,20.114122,20.023813,20.059229,17.916603,19.869757,19.55279,19.903402,19.891006,20.121206,20.114122,20.115894,20.052147,20.186724,19.951212,20.204432,18.853338,14.92401,20.13183,19.78299
24.42717,24.548689,24.170189,24.490917,24.327566,24.449083,23.809618,24.574587,24.568609,23.468969,24.558649,23.35741,23.512794,24.516815,24.588531,24.156244,24.542713,22.933094,24.120386,24.190111,24.564627,24.48295,24.431154,24.538729,24.55068,24.528769,24.277763,24.494902,21.75576,24.092497,24.024765,24.349478,24.343502,24.500879,24.48295,24.48295,24.311628,24.606461,24.144293,24.612436,23.138279,18.257627,24.496895,23.98094
24.619499,24.599771,24.474236,24.635639,24.501137,24.649986,23.602654,24.680473,24.687647,23.792751,24.68944,23.701288,23.860899,24.597979,24.676888,24.230335,24.660748,23.347994,24.321798,24.124527,24.651779,24.484995,24.517277,24.6464,24.682266,24.571077,24.531624,24.635639,21.72678,24.230335,24.246477,24.449127,24.43478,24.6733,24.649986,24.567492,24.305658,24.709167,24.407881,24.71096,23.23501,18.025246,24.603359,23.652868
28.813801,28.851957,28.721134,28.884663,28.719316,28.950073,28.139698,28.895565,28.910101,28.241449,28.924637,27.714521,27.759947,28.980963,28.895565,27.977985,28.908283,27.729057,28.501278,28.106991,28.968245,28.721134,28.806532,28.911917,28.913734,28.875578,28.459488,28.902832,24.663799,28.315945,28.759291,28.661173,28.664806,28.906466,28.752022,28.940989,28.724768,28.944624,28.58486,28.991865,27.583698,20.960777,28.890114,28.290506
30.505461,30.629333,30.363371,30.561932,30.308722,30.574682,30.150236,30.618402,30.600185,29.895205,30.596542,29.084568,29.002594,30.669409,30.607473,30.150236,30.654837,28.924263,30.008148,30.095587,30.676695,30.317829,30.397982,30.616581,30.618402,30.591078,29.397892,30.563753,26.3703,29.842377,30.197599,30.505461,30.321472,30.572861,30.598364,30.585613,30.529142,30.614759,30.372478,30.676695,29.155613,22.614044,30.587435,30.173918
35.226067,36.522797,36.333916,36.579098,36.422909,36.666271,36.26672,36.646294,36.671722,36.032436,36.646294,34.819248,35.109833,36.733471,36.680801,36.313938,36.749817,34.41243,35.987034,36.123245,36.769794,36.323021,36.511898,36.66264,36.582729,36.693516,35.191559,36.660824,31.779011,36.166832,36.470127,36.577282,36.333916,36.66264,36.577282,36.642662,36.629948,36.655376,36.508266,36.760712,33.891193,26.966209,36.586361,36.255821
29.127777,29.280851,29.069769,29.271185,29.023041,29.248625,28.93442,29.164837,29.293743,28.985981,29.272795,27.519682,27.806498,29.330803,29.280851,28.832907,29.30341,27.798441,28.500975,28.758785,29.335636,28.919916,29.116497,29.251848,29.211565,29.219622,28.668552,29.235735,24.991526,28.955366,29.098774,28.71689,28.989204,29.184174,29.221233,29.26635,29.114887,29.219622,29.135834,29.319523,27.530962,21.047022,29.15678,28.758785
22.117109,22.224024,22.064428,22.185287,22.090769,22.157396,21.867645,22.135704,22.245716,21.951317,22.199232,21.130098,21.494225,22.250364,22.234869,21.647621,22.250364,21.168835,21.818062,21.808765,22.272057,21.976109,22.038088,22.210077,22.199232,22.175989,21.906382,22.189936,19.390045,21.762281,21.990053,21.952866,22.039637,22.067528,22.114012,22.220924,22.157396,22.248816,22.098516,22.245716,21.027834,15.375373,22.137253,21.793272
22.558472,22.422815,22.397057,22.549885,22.409077,22.560188,22.280289,22.506956,22.6014,22.149784,22.532713,21.55221,21.789179,22.627157,22.582512,22.039886,22.622005,21.104027,21.942007,22.245947,22.615137,22.391905,22.460592,22.563623,22.549885,22.513824,22.4314,22.513824,19.757765,22.448572,22.033016,22.439987,22.357563,22.5413,22.398775,22.61342,22.453724,22.376451,22.510391,22.603117,21.61231,15.588475,22.56534,22.187563
24.359663,24.333025,24.268093,24.386303,24.134897,24.389633,24.208155,24.348009,24.381308,24.049986,24.384638,23.021055,23.367363,24.436251,24.442911,23.871838,24.419601,23.219183,23.43729,23.921785,24.446241,24.243118,24.286407,24.392963,24.349674,24.039997,24.259768,24.30805,21.674124,24.204824,23.70035,24.261433,24.09161,24.296396,24.303057,24.45623,24.379642,24.316376,24.166531,24.396292,22.866217,17.516781,24.439581,24.201494
19.941397,19.961121,19.81813,19.95619,19.816486,19.967695,19.574883,20.017002,19.992348,19.816486,19.980843,18.950327,19.086742,20.021933,20.002209,19.349712,19.993992,19.210011,19.642267,19.507496,20.025219,19.903595,19.877298,19.924961,19.970982,19.673496,19.739239,19.944685,17.181849,19.60611,19.67514,19.79512,19.857574,19.964407,19.9151,20.012072,19.970982,19.998922,19.900309,20.020288,18.863218,13.835546,20.000566,19.809912
15.678434,15.70705,15.602124,15.670485,15.571918,15.71023,15.350939,15.660947,15.699101,15.500379,15.659357,15.042521,15.184011,15.730897,15.697512,15.374785,15.718179,14.726154,15.449506,15.432018,15.735666,15.576688,15.675255,15.660947,15.675255,15.606894,15.495609,15.687973,13.703924,15.503558,15.401813,15.583047,15.544892,15.678434,15.621202,15.71023,15.624382,15.64187,15.581457,15.735666,14.97575,10.511642,15.71023,15.508327
17.160559,17.158958,17.019728,17.128551,17.054935,17.187765,16.586033,17.024529,17.198967,17.000525,17.163759,16.411594,16.366785,17.152557,17.043734,16.93651,17.178162,16.291569,16.960514,16.894901,17.182964,17.011726,17.130152,17.163759,17.109348,17.062937,16.768473,17.176561,15.163321,17.021328,16.970118,17.067738,17.088543,17.162159,17.158958,17.187765,17.107746,17.102945,17.150957,17.194166,16.461205,11.432904,17.171761,16.963715
26.269354,26.223537,26.022886,26.234596,25.96759,26.293053,25.779579,26.161921,26.288313,25.446215,26.144541,24.774748,25.125492,26.296213,26.142962,25.858576,26.278833,24.981718,25.931252,25.608948,26.280415,26.179298,26.206158,26.269354,26.233017,26.18088,25.784319,26.267775,23.689342,24.498262,26.117682,26.095564,26.14612,26.242496,26.217216,26.313593,26.212477,26.220377,25.796959,26.253555,24.765268,18.856363,26.231436,25.887014
27.486734,27.457415,27.291273,27.446012,27.245665,27.507908,26.929668,27.416693,27.480219,26.903608,27.47859,25.708036,26.401924,27.481848,27.359684,27.211458,27.489992,25.937704,27.076265,26.866144,27.517681,27.390633,27.29616,27.496506,27.459044,27.408548,27.305931,27.467188,24.582506,25.94422,27.320591,27.195171,27.288015,27.460672,27.397148,27.49325,27.426466,27.426466,26.818909,27.211458,25.704779,18.97114,27.483477,27.068121
17.987499,18.03179,17.806925,17.973871,17.827368,18.052233,17.51392,17.987499,17.910841,17.832478,17.955132,16.852953,17.285648,18.028383,17.921062,17.725157,18.023273,17.467924,17.706417,17.646795,18.043715,17.936394,17.886992,17.994312,17.919357,18.014755,17.921062,17.87677,16.389595,17.793297,17.902323,17.760931,17.878473,17.94491,17.982388,18.018162,17.955132,18.016459,17.679161,17.757523,16.905762,12.46127,17.955132,17.81374
19.519709,19.521364,19.26812,19.521364,19.127428,19.566055,19.01322,19.509777,19.461777,19.243292,19.554468,18.104517,18.907288,19.556124,19.484949,19.231705,19.544537,18.93046,19.236671,19.031427,19.559433,19.445225,19.445225,19.476673,19.513088,19.556124,19.465088,19.499847,17.674168,19.436949,19.427019,18.996668,19.369087,19.470053,19.489916,19.524675,19.521364,19.524675,19.244947,19.244947,18.371004,13.155486,19.475019,19.329361
20.026957,20.103336,19.858919,20.071087,19.804605,20.115219,19.514359,20.101641,20.123705,19.942089,20.13389,18.602886,19.376875,20.130495,20.059206,19.792723,20.101641,19.54491,19.913235,19.522846,20.116917,19.852131,20.025259,20.079575,20.144073,20.115219,20.023561,20.110126,18.268509,19.974339,19.90984,19.011946,19.970943,20.084667,20.093153,20.105034,20.105034,20.099943,19.908142,19.864012,18.838816,13.478605,20.081272,19.969248
15.44841,15.44196,15.340379,15.469371,15.333929,15.474208,15.03886,15.474208,15.458084,15.24686,15.496782,14.252008,14.821186,15.509681,15.41455,15.175914,15.464534,14.963078,15.296844,15.04531,15.461309,15.28072,15.327479,15.438735,15.464534,15.453247,15.416162,15.491944,13.966614,15.388751,15.383914,15.15979,15.391975,15.435511,15.485495,15.419387,15.462921,15.48227,15.303294,15.383914,14.547078,10.466092,15.498394,15.333929
12.376287,12.339813,12.311628,12.367997,12.24697,12.381261,11.888862,12.319918,12.394524,12.147495,12.374629,11.646808,12.067916,12.351418,12.341471,12.089469,12.351418,11.693229,12.228733,12.087811,12.382918,12.237022,12.353076,12.309971,12.328208,12.348103,12.301681,12.381261,11.27212,12.082837,12.32655,12.147495,12.265207,12.333181,12.353076,12.237022,12.353076,12.391208,12.134233,12.336497,11.792703,8.37078,12.386234,12.316602
10.125706,10.103604,10.102025,10.125706,10.005726,10.141493,9.6884089,10.087817,10.158858,9.9267912,10.089396,9.5052814,9.9220552,10.098868,10.083081,10.005726,10.127284,9.6426268,10.051507,9.8462782,10.119391,10.018355,10.116234,10.065716,10.030985,10.14465,10.043614,10.136757,9.3253107,9.945735,10.049929,9.9504709,10.030985,10.12097,10.122548,10.12097,10.117812,10.163594,10.01204,10.117812,9.7436628,7.0488429,10.165173,10.095711
13.616387,13.563982,13.586441,13.602912,13.517566,13.644835,12.926135,13.581949,13.664301,13.439707,13.667295,12.734482,13.275004,13.626868,13.643338,13.003994,13.534036,13.077362,13.459171,13.345377,13.605906,13.523555,13.637349,13.602912,13.650826,13.628366,13.617885,13.595426,12.472455,13.319923,13.541523,13.352863,13.560987,13.632857,13.59243,13.610398,13.587938,13.664301,13.456177,13.637349,12.590741,9.7563639,13.661306,13.590933
15.455985,15.362286,15.148115,15.435163,15.278997,15.463422,14.582942,15.360798,15.478294,15.317667,15.353362,14.535349,14.852143,15.460447,15.372697,15.054415,15.308743,15.088623,15.094572,15.177861,15.442599,15.305768,15.377158,15.406904,15.470859,15.438138,15.409879,15.406904,13.906222,15.326591,15.375671,15.085649,15.371209,15.461934,15.415829,15.287921,15.378646,15.487219,15.192734,15.42029,14.408929,11.066974,15.451524,15.320642
10.599487,10.586267,10.56115,10.577014,10.469934,10.608741,10.119615,10.485798,10.607419,10.42631,10.575691,10.001961,10.372109,10.614028,10.608741,10.239913,10.547931,10.062771,10.512238,10.450106,10.558506,10.465969,10.583623,10.543964,10.546608,10.538676,10.603453,10.599487,9.6952648,10.468613,10.533389,10.280894,10.533389,10.574369,10.591555,10.504306,10.481833,10.620638,10.536033,10.598165,10.102429,7.4809799,10.579658,10.547931
23.454695,23.381845,23.307537,23.419727,23.142897,23.491119,22.699972,23.357077,23.496946,23.011768,23.457609,22.568842,22.815073,23.467808,23.447409,22.787392,23.349791,22.306583,23.173494,22.928719,23.43284,23.237602,23.345419,23.386215,23.448866,23.387672,23.424097,23.514431,21.87677,22.844213,23.445951,23.088989,23.307537,23.415356,23.374559,23.322107,23.475092,23.491119,23.21866,23.429926,22.251217,14.314969,23.486748,23.348333
23.956789,23.866398,23.934919,23.955332,23.682697,24.009275,23.372158,23.812454,23.961163,23.555857,24.009275,22.832722,23.414438,23.994696,24.009275,23.197205,23.829948,22.447826,23.757051,23.487333,23.902845,23.704567,23.907219,23.863482,23.988863,23.815369,23.962622,24.01219,22.500313,23.316755,23.908678,23.340082,23.812454,23.953873,23.937836,23.964079,23.962622,23.955332,23.732267,23.987406,22.676722,15.067759,23.936378,23.857649
31.332073,31.055441,31.199345,31.306925,30.954847,31.283173,30.253487,31.21192,31.351633,30.882196,31.337662,29.564701,30.172453,31.271996,31.351633,30.739689,31.154636,29.983841,30.988379,30.504971,31.270599,31.005144,31.225891,31.273394,31.348839,31.193756,31.224493,31.32369,29.614998,30.646082,31.280378,30.064875,30.854254,31.32369,31.253834,31.277584,31.241259,31.334867,30.640493,31.333469,28.775322,20.519672,31.256628,31.098751
23.146723,22.994535,23.040049,23.038628,22.855148,23.115431,22.434143,23.086985,23.135344,22.700117,23.153833,21.912155,22.43841,23.13961,23.165213,22.577797,23.015869,22.257776,22.793989,22.621889,23.096941,22.859415,22.971779,23.111164,23.136766,23.022982,22.998802,23.15099,22.04443,22.570686,23.048584,22.361607,22.630423,23.143879,23.062807,23.091253,23.071341,23.128233,22.765543,23.069918,21.647604,14.500482,23.106897,22.988846
17.799294,17.675966,17.680269,17.733328,17.637247,17.815069,16.98476,17.749104,17.777784,17.425011,17.793558,16.905888,17.204168,17.789255,17.81937,17.399197,17.654457,17.099483,17.577019,17.353308,17.794992,17.627209,17.70178,17.760574,17.799294,17.764877,17.753405,17.81937,16.874338,17.518223,17.759142,17.189827,17.561243,17.787823,17.796427,17.683138,17.710384,17.809332,17.608566,17.71612,16.481413,11.351854,17.749104,17.665928
20.488005,20.378141,20.381111,20.428619,20.205923,20.504335,19.266148,20.474642,20.437527,20.104967,20.440496,19.312172,19.735292,20.482065,20.516212,20.002527,20.381111,19.181522,20.244524,20.001043,20.467218,20.283125,20.394472,20.462765,20.498396,20.492458,20.471674,20.526606,19.150345,20.238585,20.44198,19.702631,20.341024,20.477612,20.450888,20.44495,20.44495,20.52809,20.312817,20.44198,18.98555,13.859096,20.407833,20.363295
17.415699,17.287523,17.324841,17.378382,17.268053,17.433546,16.53307,17.358912,17.425434,17.079845,17.409208,16.645021,16.878658,17.404341,17.446526,16.993855,17.352423,16.67098,17.224245,17.066866,17.399473,17.204777,17.355667,17.388117,17.418943,17.383249,17.328085,17.427055,16.414629,17.081469,17.347555,16.791044,17.271297,17.409208,17.365402,17.402719,17.344309,17.427055,17.068487,17.410831,16.260492,10.878727,17.358912,17.284277
15.743034,15.66264,15.66264,15.703731,15.596538,15.764473,14.987326,15.62155,15.748394,15.4554,15.71445,14.92301,15.273173,15.737675,15.766259,15.174913,15.687652,14.926583,15.601897,15.458974,15.743034,15.635841,15.682292,15.75554,15.762687,15.741248,15.628695,15.766259,14.663961,15.562593,15.642988,15.291039,15.628695,15.746608,15.721596,15.70909,15.664427,15.776978,15.514357,15.644774,14.867627,10.165441,15.601897,15.666213
16.409693,16.345873,16.321169,16.356167,16.232647,16.442631,15.545049,16.376753,16.366461,16.012367,16.442631,15.598575,16.051483,16.389105,16.440573,15.860026,16.335579,15.493582,16.292347,16.032955,16.419985,16.205883,16.325287,16.397341,16.438513,16.411751,16.292347,16.434397,15.269187,16.203825,16.393223,15.676804,16.323227,16.403517,16.382929,16.415869,16.356167,16.444689,16.265585,16.374695,15.553284,10.845096,16.296465,16.354109
18.341024,18.20715,18.244459,18.156672,18.114971,18.301521,17.259043,18.237875,18.279573,18.040352,18.332247,17.643114,17.776989,18.310299,18.34322,17.855999,18.272989,17.280991,18.204954,17.974512,18.345415,17.98768,18.196175,18.301521,18.332247,18.325663,18.259821,18.272989,17.050547,18.066689,18.301521,17.597025,18.152281,18.251043,18.286158,18.237875,18.218122,18.367361,17.792353,18.286158,17.305132,12.426334,18.281769,18.259821
18.654396,18.574677,18.474459,18.581511,18.458513,18.668062,17.791147,18.652119,18.636175,17.551989,18.638453,17.547432,18.151024,18.654396,18.69084,18.255798,18.602009,17.786591,18.267187,18.319574,18.670341,18.440292,18.574677,18.604286,18.663507,18.647564,18.645287,18.647564,17.763815,18.112303,18.570122,18.289965,18.551901,18.649841,18.627064,18.643007,18.61112,18.130526,17.943752,18.663507,17.693205,12.632147,18.652119,18.615675
17.851278,17.790119,17.740288,17.833157,17.767469,17.873928,16.653038,17.812771,17.849012,17.112854,17.871664,16.940706,17.386932,17.833157,17.878458,17.470741,17.833157,16.523928,17.751614,17.57267,17.842216,17.683661,17.790119,17.808241,17.869398,17.783325,17.824097,17.853542,16.48542,17.346159,17.808241,17.407318,17.758408,17.835423,17.824097,17.819567,17.787855,17.715372,16.863693,17.849012,16.714195,12.555467,17.799181,17.792385
17.348652,17.287716,17.251606,17.299,17.217752,17.377991,16.378193,17.339624,17.344137,16.802486,17.348652,16.294687,16.829569,17.321569,17.373476,17.082338,17.33511,16.256321,17.163588,16.989807,17.355421,17.217752,17.274174,17.310284,17.37122,17.299,17.339624,17.37122,15.976467,16.926615,17.294487,16.671587,17.296743,17.303514,17.289972,17.366707,17.321569,17.314798,16.766376,17.339624,16.181843,11.977272,17.341881,17.285458
22.622688,22.403322,22.291306,22.566679,22.400988,22.629688,21.738222,22.615686,22.585348,22.118612,22.59235,21.371836,21.544527,22.587683,22.578348,22.279636,22.562012,21.808233,22.354315,22.335646,22.30764,22.508337,22.417324,22.534008,22.550343,22.531673,22.356647,22.634356,20.12565,22.190956,22.566679,22.293638,22.510672,22.534008,22.510672,22.611019,22.559679,22.566679,22.004263,20.758078,21.334497,16.419767,22.571346,22.494335
24.928265,24.790215,24.557573,24.87969,24.744198,24.93082,23.882662,24.895029,24.866909,24.263578,24.912926,22.604422,23.780403,24.892473,24.790215,24.555017,24.897587,23.724161,24.608704,24.639381,24.856682,24.777431,24.810665,24.861795,24.923151,24.866909,24.820892,24.912926,22.883078,23.882662,24.836231,24.616373,24.731415,24.843901,24.649607,24.918037,24.900143,24.828562,23.984922,24.220118,23.504303,17.803347,24.849012,24.808109
23.368961,23.27166,22.712873,23.327261,23.18548,23.396763,22.40151,23.341162,23.343941,23.038137,23.391203,21.5814,22.47101,23.360622,23.321701,22.993658,23.335602,22.990877,23.077059,22.824076,23.346722,23.132658,23.246641,23.343941,23.396763,23.24942,23.171579,23.382862,21.336758,22.743454,23.382862,22.601673,23.221621,23.282782,23.288342,23.318922,23.368961,23.246641,22.268068,22.938057,22.062346,16.919283,23.368961,23.26054
26.892946,26.643515,26.546961,26.828577,26.651562,26.882217,24.994053,26.847351,26.85808,26.372627,26.85808,25.466093,25.935453,26.793711,26.85808,26.471865,26.825895,26.176838,26.64888,25.935453,26.764208,26.490639,26.713249,26.815166,26.87149,26.667654,26.737387,26.863443,24.243078,26.077602,26.833941,24.924318,26.675699,26.732023,26.839306,26.761526,26.844669,26.833941,26.032007,26.259981,25.495596,19.76405,26.734705,26.740068
22.187155,22.167233,21.925325,22.212769,21.928171,22.269688,20.712944,22.252611,22.229843,22.010704,22.098928,21.1313,21.469971,22.232689,22.24692,22.002167,22.232689,21.350439,22.135927,21.754566,22.209921,21.91394,22.207075,22.241228,22.249765,22.212769,22.178616,22.300993,20.027065,21.555349,22.263994,20.735712,22.235535,22.158695,22.215614,22.232689,22.255457,22.286762,21.424435,21.879789,21.025999,16.668825,22.141619,22.135927
23.565145,23.391331,23.382494,23.411953,23.276436,23.568092,22.009651,23.420792,23.588715,23.31768,23.559254,22.425039,22.893456,23.347141,23.600498,23.073162,23.553362,22.922915,23.429628,22.946484,23.573984,23.188057,23.485603,23.420792,23.538631,23.515064,23.500334,23.600498,21.620779,22.687235,23.565145,22.495743,23.441414,23.482658,23.562201,23.53274,23.571037,23.600498,22.766777,23.279383,22.366119,17.826315,23.12619,23.164488
18.850864,18.626345,18.687578,18.766306,18.597187,18.871275,17.296724,18.807127,18.845034,18.629261,18.845034,17.821575,18.057758,18.52429,18.847948,18.460142,18.842117,18.346426,18.50388,18.474722,18.804211,18.652588,18.754642,18.842117,18.830454,18.789633,18.780884,18.871275,17.500834,18.433901,18.830454,18.317266,18.638008,18.81879,18.807127,18.722569,18.824621,18.880022,18.372667,18.535954,17.871145,13.692755,18.611767,18.707989
17.799965,17.584969,17.516289,17.704411,17.578997,17.805937,16.498039,17.75816,17.746216,17.558094,17.761147,16.7847,16.975809,17.65962,17.752188,17.477468,17.764132,17.110182,17.555107,17.486427,17.77309,17.605871,17.719341,17.713369,17.776077,17.743229,17.593925,17.799965,16.262138,17.50733,17.710382,17.334139,17.713369,17.707397,17.731285,17.623787,17.737257,17.791006,17.310249,17.238585,16.826506,12.822186,17.707397,17.671564
50.327999,49.832802,49.450008,50.179134,49.699127,50.355343,47.812511,50.315845,50.218632,50.03331,49.866219,48.289482,47.894539,50.157871,50.012043,49.544189,50.173061,49.690014,49.629253,49.401402,50.349266,50.148754,50.039387,50.133564,50.166985,50.334076,48.8181,50.361416,42.927361,49.796345,50.300655,49.352791,50.030273,49.860142,50.233822,49.711281,50.337112,50.367493,49.179623,43.158249,47.833778,40.83112,50.148754,50.197365
39.419544,39.090199,39.041149,39.223339,38.974579,39.451077,37.1702,39.402023,39.324944,38.424507,39.21283,37.912975,37.955017,39.331951,39.219833,38.820419,39.244362,37.156185,39.016624,38.869469,39.412537,39.219833,39.163776,39.167282,39.209324,39.268887,38.869469,39.430054,34.836773,38.711807,39.265381,38.540127,39.198814,39.111221,39.388012,38.785381,39.402023,39.430054,38.585674,35.190639,37.587135,31.214001,39.388012,39.265381
