-.65175229,-.14576507,-.3780278,-.87783796,-.44649762,-.43406877,1.0514539,.045276575,-.43530965,-.7217378,-.48031345,-.23190671,-.24560282,-.71929497,-.45115066,.093198836,-.86344814,-.929322,-.37665591,-.12766266,-.69580531,-.37964955,-.025699744,-.45309845,-.75995904,3.0687771,-.71591812,.56451708,-.79988527,-.73428047,6.0574555,-.47786739,1.0655181,-.64614737,-.53403413,-.50455207,.40911251,-.32682475,-.57761288,-.29321963,.10291522,-.45634085,-.37828451,-.50699109
-.33288452,-.44260529,-.53097624,-.64099032,-.61434746,.30334076,-.64499837,3.4941697,-.2755461,-.80888784,-.5502913,-.61458731,-.42674029,-.80839074,-.50084752,-.45637807,-.88733828,-.94396371,-.49004453,-.53204185,-.69580531,-.46642819,-.35844028,-.47550541,-.80083561,1.2337966,-.73245603,-.46215919,-1.1959902,-.73428047,1.7444134,-.48469132,.61221683,-.62391478,-.71050578,-.613096,-.64168411,-.34566855,-.59027338,-.29321963,-.42617419,-.83879817,2.5530195,-.52340043
-.69709903,-.45527869,-.51504093,-.84860325,-.74725509,-.69206733,-1.0371068,2.9709554,-.18972269,-.9441607,-.53242666,-.65702546,-.39454743,-.810781,-.47976962,-.52603924,-.86328995,-.94556487,-.46346533,-.61708766,-.6666438,-.40334395,-.36670032,-.43213254,-1.1598306,1.130535,-.72623885,-.53980386,-1.3003156,-.72606719,.59455776,-.52345192,.67549974,-.63380891,-.61409783,-.61416852,-.41881424,-.34727892,-.72895867,-.29321963,-.46345428,-.84985083,5.1411667,-.52384067
-.58092993,-.51365131,-.50930899,-.53955221,-.7794432,-.58484417,-.87440938,5.4757991,-.39752084,-.93658674,-.46549129,-.58428329,-.36158183,-.84154618,-.26961523,-.83387965,-.86263031,-.94499958,-.28470147,-.37529907,-.69580531,-.44716614,-.47020683,-.4075363,-.73239803,.14397784,-.75218838,-.66369867,-.87771994,-.73428047,-.40637162,-.35445744,.035921369,-.57084292,-.63207871,-.58542413,.55296475,-.32541496,.5968352,-.29321963,-.39635134,-.77339107,3.5912714,-.52368522
-.079009213,-.45709616,-.63965887,-.93168312,-.73150855,-.51260889,.55144167,1.3854909,-.11000767,-.63805068,-.33294067,-.27791157,-.32174787,-.77200931,-.52021033,-.53291339,-.80580556,-.95219934,-.35483205,2.1022258,-.69580531,-.4363583,-.44092122,-.390966,-.5919351,.12491018,-.47781172,-.5873943,1.0216117,-.72499841,-.38809115,.27228767,-.22754239,-.49948755,-.67785966,-.3159638,.92528862,-.33286995,-.30714116,-.29321963,-.015192786,-.40562266,-.36127892,-.49748927
-.60795772,-.51149172,-.64574164,-1.022207,-.89611554,-.369075,-.56031942,-.37224856,-.12945126,-.8554461,-.013665416,-.44350564,-.34653851,-.80698103,-.4038378,-.71780837,-.72522616,-.93838859,-.42833763,.5046075,-.69580531,-.59370142,-.54718035,.11784557,-.82524985,.047183018,.14238222,-.88397115,.00366381,-.72505271,-.60663044,-.33353889,-.21018678,.11030738,-.57341146,-.42635262,-.40737367,-.32143191,-.57817358,-.29321963,-.38922325,-.70409381,.63673812,-.44356483
-.71416783,-.55032325,-.60218966,-.73436445,-.80420506,-.9650774,-1.062207,-.87328255,-.50199729,-.83260065,-.23103055,-.6594972,-.45377231,-.84154618,-.50519925,-.80995142,-.88733828,-.9569996,-.51119035,-.45879918,-.66335237,-.25840491,-.58525568,-.43864295,-.94499379,.12243428,-.3679058,-.81149513,-.98407239,-.72514015,-.59415168,-.50197423,.045854516,-.63231891,-.69333434,-.58188587,-.84513122,-.32187322,-.7476387,-.28948089,-.59871924,-.89285845,-.2154066,-.5200482
-.65795898,-.5267902,-.68088895,-.9677738,-.98333836,-1.0959312,-1.1054575,-1.024297,-.63623577,-.95208007,-.48388317,-.69700241,-.49454194,-.84154618,-.55662316,-1.0675684,-.86418605,-.94633281,-.52771586,-.33023766,-.69580531,-.28421634,-.59033942,-.4859395,-.78482676,-.13283429,-.68183541,-.59652525,-1.2091777,-.73428047,-.70126599,-.50758785,-.20937099,-.58282638,-.69012189,-.58810329,-.83845425,-.3580285,-.91170323,-.28998527,-.64971632,-.99775851,-.50350952,-.52677929
-.71199453,-.55010879,-.68900567,-.89877743,-.91581219,-.91001058,-1.1308153,-.79391539,-.60558754,-.92732877,-.50024861,-.64274114,-.45355022,-.84154618,-.2474926,-.91021681,-.8390137,-.94132596,-.53044039,-.4219614,-.69580531,-.43464163,-.43674111,-.53279102,-1.0052397,-.14477001,-.74226612,-.27452475,-1.218119,-.73428047,-.70640099,-.52046663,-.31299335,-.60994184,-.76617789,-.57249427,-.56650794,-.35759321,-.37560287,-.29321963,-.63447785,-1.0372738,.63592416,-.50673461
-.50999284,-.53998321,-.62485272,-1.071097,-.7981528,-.52367741,-1.1801854,-.54360503,-.58737034,-.98086369,-.52932781,-.71094394,-.49102002,-.84154618,-.37928054,-1.0502805,-.81167006,-.94888145,-.535927,-.52646542,-.69580531,-.47478849,-.56892151,-.53101212,-.13069016,-.40153611,-.75695217,-.70391649,-1.3062232,-.73428047,-.71231389,-.52246869,-.23835926,-.5911628,-.68929595,-.62797272,-.51782608,-.36800572,-.49001679,-.28617242,-.61551291,-1.0442469,-.40430236,-.52950686
-.44445285,-.51932555,-.64664131,-.45618835,-.76723874,-.70944017,-1.2115401,-.98674142,-.52427232,-.91957927,-.57532638,-.77476794,-.52785271,-.81164938,-.59214878,-1.070623,-.88733828,-.95415735,-.55896354,-.58539069,-.69580531,-.13881576,-.60528553,-.38711628,.45301142,-.35237816,-.75460535,.04356657,-1.4117647,-.73428047,-.84589607,-.5379954,-.16743937,-.69365442,-.79128313,-.61455816,-.57343435,-.35793483,-.84711689,-.28995493,-.71700752,-1.0456936,-.79700327,-.52950686
-.48403698,-.48419943,-.54717708,-.59687644,-.49284631,-.96033674,-.68350303,-.83748168,-.53599936,-.77218747,-.53323632,-.53923112,-.34522408,-.81117356,-.51827782,-.79359061,-.81611383,-.94989699,-.1590355,-.37088782,-.69580531,1.704367,-.57127649,-.48371547,-.56495309,-.23693797,-.77536929,-.0055965781,-1.1513042,-.71806347,-.73681611,-.51802975,.032640278,-.62400454,-.38544998,-.61434466,-.39659983,-.23500043,.46279857,-.29321963,-.4281733,-.70979792,-.49190557,-.52391297
-.64359957,-.49193183,-.57999426,-1.0480243,-.72445738,-1.0803257,-1.0009223,-.78213876,-.51449138,-.82862258,-.51935405,-.54638547,-.37480453,-.77794051,.0015762688,-.82962555,-.86247885,-.93208754,-.21418369,-.56144214,-.69580531,1.3380584,-.54815221,-.53162152,-1.1461635,-.40601289,-.67896879,-.50395495,-1.107662,-.73428047,-.68667299,-.52871931,-.21486236,-.60557872,-.48538896,-.59943312,-.54607475,-.32515389,1.7850964,-.28974676,-.39082101,-.68448848,-.75785196,-.52364951
-.48860267,-.53541809,-.57720643,-.70698404,-.59324157,-.94972742,-1.0310898,-.56333691,-.51706839,-.91508442,-.55284172,-.62303406,-.42664292,-.81024551,-.34869868,-.78659731,-.86287141,-.96198004,-.46349874,-.46616122,-.69580531,2.8654091,-.57288563,-.46045655,-.9981823,-.26009938,-.76919168,-.71078336,-1.2414535,-.73428047,-.74579799,-.53480661,-.12374984,-.61981392,-.6698615,-.57179481,-.48928553,-.36800572,.12794611,-.29321963,-.44949755,-.7605834,.20257415,-.52374202
1.1990319,-.052348051,4.9930558,2.3349814,1.6639794,3.7487717,-.46880153,.40898424,2.3105309,-.11463042,.1590803,2.3513339,2.1239519,-.71953404,2.4754457,.63937837,-.88733828,-.92939407,.88976198,.35249993,-.69580531,5.8014998,2.6099126,.39658418,1.046339,.38028625,1.7326896,.7348811,1.2344844,-.72613716,.6905275,-.48940283,.87759554,.78841853,2.1389422,-.60059953,1.2543837,-.17277868,1.8406657,-.26657224,2.0148609,1.5842937,-.21370575,-.51827097
1.1659781,.48554233,4.0062814,1.373081,1.6020675,2.9159746,-.47986698,-.47056666,3.1601233,.09576156,-.28165627,3.300323,3.4991245,-.8110764,4.04073,.8249467,-.83970338,-.86003762,2.7036431,-.015048784,-.63804227,2.4817672,2.9756176,1.2545081,.090379,-.042808142,2.4933326,.49504605,2.5801036,-.72614604,.3087714,-.50940216,.53837472,1.9791766,3.2271864,-.60062933,1.534176,-.18325523,5.8180528,-.27325585,3.3002844,2.6090913,-.62835526,-.52108914
.30828837,.34791908,2.4264622,.13079025,1.3098911,1.1306207,-.6207093,-.27112451,2.2600605,.093821369,-.31861842,2.6683252,2.7910514,-.81052428,3.2254357,.68389863,-.71759516,-.92045623,1.974787,-.018298445,-.66640043,7.0686097,2.2183499,.79950947,.018228363,.24946429,.19389002,1.6885178,1.6204852,-.67630762,.054293778,-.51458323,.61311924,1.0132285,2.0240548,-.57229513,1.5681491,-.31575626,3.6494622,-.26611894,2.7665808,2.3142676,-.53808928,-.52093661
2.1264403,.38910708,4.8226037,3.0947263,2.7593172,2.3130131,-.46522412,.12849347,4.4193969,-.48013186,.764974,3.6507766,3.9262283,-.80987585,3.3134913,.55042446,-.86258239,-.70735127,2.8446605,.076698788,-.69580531,1.9866784,2.4600172,1.2849989,2.1369412,-.0068944865,.20901011,1.15856,2.0424814,-.72582555,-.17970385,-.51989871,1.2553233,3.4338343,3.1338623,-.61376238,1.4202678,-.31466413,3.6250844,-.096091084,2.9541962,2.9793048,-.2425205,-.52367395
.26783323,1.6658088,4.3464422,.10942096,2.8927488,.22754417,-.53222173,-.96028531,3.2217536,-.51371312,2.185235,6.4645753,4.9204049,-.80797607,3.8740685,.55086648,-.83485651,-.70531797,3.0023487,.17497815,-.6003446,.41396037,3.6848216,.38406438,1.5852545,-.23741359,.79649729,2.0230601,1.3165692,-.71635622,-.2711257,-.5247547,.75189155,2.9527931,4.3954935,-.61290991,1.1241395,-.30015609,2.6088507,.91284573,3.7054648,3.5676336,-.89863235,-.52023262
.2611329,.27106968,1.446317,-.35114768,.50754064,.26604989,-.23035671,-.66507095,3.3837776,-.65415829,.6107139,2.2537715,1.2519025,-.80713403,2.5478997,.042685147,-.75284278,-.90623933,1.1373626,.25621873,-.69580531,1.0477636,.51327789,-.22362743,.75780249,-.22550054,1.5407714,.020006036,.6228658,-.72509354,-.3933278,-.47280744,.32048863,.61147481,1.3531693,-.61253208,.80889267,-.31004611,.63500929,.18777932,.73733807,1.0725789,-.7724722,-.52316892
-.28207245,-.36158347,-.054978218,-.47374979,-.49347386,.30477715,-.94588482,-.95581639,.21550523,-.73554504,.015285511,.40759525,.11843797,-.84154618,.17228237,-.21204501,-.88733828,-.92494774,.27285331,-.26118547,-.69580531,.51649159,-.18928766,-.32674947,.17994958,-.36242905,2.0505519,-.47173712,-.15385103,-.73428047,-.64025956,-.50522786,-.34767184,-.27224863,-.0029684911,-.56660795,-.73382115,-.32193658,.74963319,.065206945,.10407571,-.012189982,-.83559227,-.52635831
-.41982365,-.3482728,-.19011992,-.82580835,-.66559696,-.47759366,-.75644946,-.72505331,-.32118541,-.86305577,-.091496132,.031168163,-.0046832575,-.84154618,.25816607,-.78885901,-.88733828,-.94569677,.015077569,-.063377775,-.69580531,-.51041526,-.37973782,-.40297464,-.25655222,-.31668809,.29266635,-.41207218,-.9473545,-.73428047,-.61322433,-.49500251,-.31256452,-.28953692,-.0097704865,-.43595049,-.82446945,-.32681733,-.087943211,-.19307798,-.082572535,-.40737492,-.8210333,-.51261699
-.5370633,-.47425625,-.27901304,-.81499511,-.74835742,-.74002796,-.7546612,-1.0999082,-.5321179,-.85887736,-.42035204,-.21832031,-.30056807,-.75644261,-.31250867,-.84206033,-.88733828,-.95477188,-.099601157,-.29742369,-.69580531,-.23224559,-.51917577,-.55472374,-.49085334,-.49887401,-.40139586,-.6107384,-.97484457,-.73428047,-.57062757,-.52502078,-.5553596,-.63305724,-.45848727,-.62797272,-.90329862,-.30111468,.39152208,-.26533976,-.21859382,-.54379314,-.95942503,-.52689451
-.37431437,-.46008888,.30040169,-.71204948,-.74403375,-.078743204,-1.0038832,-1.0988431,-.41025662,-.89803487,-.46778837,.075230733,-.096681103,-.75555533,-.27465183,-.98341233,-.88733828,-.92393166,-.079422839,-.52475959,-.69580531,.1169691,-.32824093,-.40419286,-.52684486,-.34997001,-.1342909,-.42417976,-1.0585767,-.71897596,-.74595112,-.53018671,-.35054329,-.45914337,-.29069403,-.62797272,-.75871038,-.33903927,.096618339,-.26817915,-.33013946,-.62906456,-.8815639,-.52686727
-.24402955,-.43737337,-.26435241,.090697654,-.76753443,-.86845291,-.88632399,-1.0483769,-.47461414,-.76934278,-.53426379,-.41893181,-.35675222,-.84154618,-.39824334,-.88986659,-.86732221,-.92500609,-.36356843,-.36988601,-.69580531,.30093667,-.53689373,-.50617015,-.84835416,-.33466187,-.57994097,-.64211202,-1.1590575,-.72060817,-.62541795,-.53161567,-.41193032,-.46244514,-.53434896,-.60499352,-.66009235,-.34212852,-.7006653,-.27084967,-.466102,-.77228224,-.84349614,-.52714878
-.57085913,-.45611453,-.28979358,-.91481811,-.7997508,-.43882388,-.92237639,-1.1108465,-.42953914,-.87112087,-.47397661,-.18922594,-.35285795,-.76555508,-.43738186,-.99673891,-.86753821,-.93902469,-.33763516,-.46538657,-.69580531,-.52927041,-.54769671,-.49028793,-.89779019,-.49885789,-.27837241,-.64525157,-1.139617,-.7207557,-.80890018,-.52937675,.30765486,-.52285945,-.42177737,-.61660707,-.66672403,-.33387506,-.49405792,-.28215536,-.44314879,-.82702315,-.89061826,-.52484161
-.61268008,-.50307029,-.4170166,-.74042135,-.90126687,-.69720483,-.90443659,-1.0311648,-.47843769,-.88023734,-.42458647,-.50967234,-.41021469,-.79408872,-.37443694,-1.0361794,-.79459763,-.95345742,-.31209755,-.52596295,-.69580531,.079574995,-.52779657,-.43331107,-.97904545,-.47664365,-.26091278,-.56234455,-1.2055836,-.73428047,-.75118995,-.53249353,-.22281893,-.55578512,-.4751505,-.61732572,-.92520094,-.32803997,-.66541976,-.28026378,-.5579192,-.94223082,-.83051276,-.5273217
-.60054773,-.50825483,-.45408005,-1.0689945,-.78638548,-.50217807,-.3416498,-.88982439,-.55634135,-.84950429,-.44685125,-.49154344,-.41762176,-.7331627,-.38528541,-.88618314,-.88733828,-.93713242,-.341968,-.33062023,-.69580531,.69193035,-.47710922,-.47384188,-1.2081581,-.39262763,-.33402818,-.48664841,-.99831921,-.73428047,-.78329766,-.53345275,-.4672851,-.50013256,-.46512711,-.59879398,-.93177456,-.36070383,-.81840068,-.25297907,-.41187507,-.79711419,-.70426941,-.52152216
-.048077609,-.51341075,-.52351767,-.6781469,-.80401903,-.03793519,-.94805211,-.65642196,-.47527274,-.80948728,-.48223817,-.52864563,-.43781543,-.82088423,-.37135196,-.88563901,-.87118733,-.93295556,-.43317798,-.42843494,-.69580531,-.16399662,-.57230556,-.4784987,-.34042549,-.42625305,-.46870402,-.72764134,-1.2910897,-.72876441,-.75190729,-.52426869,-.35113752,-.62120324,-.60851145,-.60943079,-1.0379902,-.33320525,-.89217979,-.27968192,-.54370207,-.94700724,-.73492223,-.5257014
-.56140304,-.52751011,-.48116401,-.97823071,-.69780767,-.63147414,-.41065863,-.75761259,-.43778801,-.81771934,-.46860078,-.53317517,-.42854679,-.82097596,-.40726402,-.75654638,-.87125909,-.90003276,-.40322992,-.31057683,-.69580531,.4011566,-.43355075,-.46543393,-.48132837,-.3284533,-.58630133,-.78698528,-1.0536412,-.73428047,-.57847053,-.53012377,-.52304196,-.5753814,-.57816988,-.62797272,-1.0053802,-.36107653,-.81738198,-.27075702,-.49803323,-.89110994,-.43791202,-.52761257
.21140406,-.51714814,-.48144016,1.3805797,-.79531509,-.44424763,-.74251711,-.95200157,-.50275993,-.91154665,-.40252927,-.46553472,-.43365413,-.79988182,-.32901382,-.69018811,-.87105429,-.94663674,-.2917012,-.38372597,-.67605901,-.4799287,-.46356076,-.41625768,.66427696,-.49287486,-.49173054,-.57801026,-1.2133843,-.72871894,-.75069433,-.53384751,-.33042252,-.54949784,-.53518122,-.59058344,-1.0928574,-.33291858,-.80661231,-.24999711,-.42046344,-.87065452,-.80852365,-.50840449
-.30291668,-.50276667,-.47007129,-.72949916,-.81324595,.015740704,-.28504679,-.74293727,-.51803863,-.94010442,-.51975924,-.47348484,-.39174256,-.82141519,-.40209711,-.81274736,-.88733828,-.93920326,-.33210546,-.11155279,-.67672366,-.43397561,-.54332393,-.47433642,.55610126,-.51238137,-.50199854,-.20396921,-1.1160563,-.72890615,-.78259259,-.43630904,-.24995801,-.60964906,-.44560403,-.59184188,-1.0330914,-.35444325,-.83749676,-.28222811,-.51256204,-.84240741,-.79537481,-.51838392
.53785962,-.48655209,-.49650657,1.2987957,-.79268175,2.0124087,.71165943,.3586219,-.49871084,-.95843184,-.33211136,-.38060898,-.35454884,-.79891741,-.43559155,-.91794318,-.82069468,-.93761784,-.28497127,.67337805,-.65539861,-.28599462,-.5530389,-.3916612,2.014245,-.23115757,-.5072329,-.56979167,-.9803772,-.72859025,-.72826934,-.42801028,-.37465096,-.52053666,-.26015356,-.56102699,-.87937403,-.35364601,-.83019221,-.28623706,-.37539193,-.60386354,-.8436293,-.50006485
.51968575,-.5085668,-.50290751,.73158747,-.81453133,1.3565677,-.23040062,1.4336389,-.52307343,-.97477049,-.48194844,-.40158361,-.29910082,-.73797292,-.25555992,-1.1752986,-.85495406,-.93287086,-.25267455,.10340507,-.67617041,-.38851836,-.46120912,-.37640154,3.3799884,-.56270236,-.32532799,-.69769669,-1.11164,-.72322017,-.83457512,-.52034622,-.3332378,-.49612722,-.26848632,-.55361605,-.78880334,-.34707218,-.8478545,-.2728613,-.41064799,-.72290152,-.88439995,-.52569169
.58461279,-.44519672,-.46409091,-.14622101,-.71975195,.79308355,-.9164173,-.47272229,-.48567626,-.93511522,-.45439109,-.44939721,-.31409937,-.76314616,-.13310662,-1.0782214,-.85669667,-.94254053,-.18273231,-.2918694,-.64007032,-.54793108,-.43569389,-.48337236,.3065398,-.51765609,-.40948728,-.68252397,-1.1229864,-.70288509,-.80312854,-.51793188,-.22578759,-.45138422,-.26919314,-.56641161,-.79356527,-.3349939,-.78210586,-.26967615,-.50397938,-.75231797,-.85294306,-.52409208
.58245587,-.35162747,-.17071325,.10824511,-.34146485,.30299628,-.60459602,-.45315722,-.2645866,.14099884,-.38141212,.26879165,-.13709766,-.80129462,-.10055947,-.54977751,-.87160647,-.92033595,2.2839587,.070119843,-.67672861,-.17133249,-.080603518,-.40179148,.19107538,-.42761928,-.10791844,-.31849653,-.96499485,-.7181617,-.46885744,-.52853304,-.14476936,-.33704743,.53600496,-.59185129,-.14393325,-.27309301,-.43365327,-.26025364,.15595579,-.30645064,-.61318666,-.52209347
1.0904799,-.39204326,.32432339,-.022674061,-.59239566,1.0013174,-.40167499,-.58711559,-.28243813,-.57369238,-.29108155,.42852813,.033981998,-.70361888,-.1019455,-1.0029212,-.88733828,-.78666699,1.3755825,.13280547,-.67712849,-.28948319,-.32189938,-.21161637,.056943946,-.32089624,-.15712459,3.40466,-.50577271,-.72375989,-.67096746,-.52148014,5.5368781,-.21988961,.026660461,-.53956211,-.55456114,-.3348189,-.49942106,-.23727641,.1246625,-.20157774,-.691809,-.52406335
.070442244,-.34201375,.078625239,-.35198587,-.33712479,-.48693773,1.2064197,-.88202214,-.2949858,-.74534303,-.37027565,.25090796,-.034253389,1.291416,-.36824054,-.79931009,-.80718052,-.84802246,.90696871,.93309486,-.65692496,-.35727343,-.23328312,-.24389364,-.99102038,-.21229282,-.47474781,1.2807518,-.63024598,-.72332984,-.57028508,-.4649719,5.9581075,-.40614331,-.086544365,-.35190025,-.74887234,-.18147214,-.7467804,-.25514632,.09417931,-.22912593,-.75515193,-.46906981
.44672897,-.22057845,.025323736,.29671586,.28465936,.26151705,.85013145,-.49033248,-.19619712,-.69499296,-.30901942,.82342839,.40759891,1.6619341,.82798791,-.75317621,-.69851404,-.73374707,1.1605028,.81302029,-.61254275,-.087776005,.17559654,-.21338676,1.4357864,-.26945713,.5399487,.15859111,-.51109391,-.70496696,-.54701573,-.42040145,4.7893867,-.091795228,.72809774,-.38163477,-.16064841,-.035119943,-.73933226,-.17091821,.44884366,-.0073170159,-.44243598,-.44052625
1.8419701,.66311824,1.3606161,2.2326508,2.6889918,2.3152461,.77336079,.34530017,2.980545,-.38473985,4.020031,2.4379756,1.7493714,1.4573119,1.6014935,.33783349,-.70260429,-.79922765,2.0968139,1.0671464,-.43106371,.16393715,2.0636978,2.3635125,1.6891251,.057242278,6.1970673,1.0961512,.91060132,-.69986624,.44063744,-.51747376,2.8035734,2.8769605,2.4954383,-.51229179,-.032429736,.25439528,.82974178,.18773519,2.0052133,1.3765582,-.31746054,-.37716386
1.5070466,.54626471,2.7580178,1.9498799,3.0824821,1.4056927,.25937021,.20420542,5.5790191,2.002718,5.6254702,2.2889259,2.0574679,1.7843103,1.4294274,.33580777,-.55577022,-.87416548,3.1756186,.67823678,-.3511773,.12914231,3.9000132,8.4382553,.1974542,.09630762,1.7477908,2.3804412,.36982191,-.65878624,.93628299,-.51714808,1.6590537,5.2739348,2.8040488,-.47389901,.46615916,.36003363,1.2172471,-.20499098,2.5944314,1.4838146,.028195385,-.034726325
1.3193449,1.9979899,.52123982,2.7646058,2.1815045,2.1950421,1.2265648,.88089418,1.5686799,2.8969862,4.0270619,1.0094852,2.3602464,1.435999,1.2243832,1.3189828,.50298971,-.75984693,3.1129329,2.1647599,4.3825731,.09871307,2.7281754,3.1382957,1.7560757,2.2519333,.90625793,2.5327737,1.5574628,-.63004673,2.3762143,-.48680493,.8778578,1.328397,2.1223915,-.22893538,3.8839769,.033862628,1.9107567,.64713186,2.9653261,2.2556834,-.016694454,.15163161
1.4656215,7.8397608,.24352089,5.2376199,1.9535143,3.5823405,1.8462883,.63210559,.19576193,3.854043,1.8528744,.70472485,2.1614537,.4066886,.73139417,4.2381716,2.275317,-.88255823,2.0274715,5.0287027,5.9544187,.53400356,3.303616,2.093384,1.0923367,4.6904716,.27020279,2.1235902,1.9665368,-.71129853,1.1235515,-.47517684,.57856649,1.9275424,2.0090353,-.15480362,2.5640604,2.6043146,-.084870413,.20970638,2.6156311,3.1932049,.17080007,-.23817433
.58765548,5.3122993,.53353882,1.3481333,3.3318541,.74505597,1.6891756,-.45887721,.82420343,1.9978161,2.2475355,1.2547532,3.0471299,-.09858498,.94723141,3.5310097,-.75182915,-.90313327,4.4769993,4.2168097,.78308451,.079967894,2.7375135,2.6333683,.26972935,.7487731,.80682397,1.4411873,2.4609313,-.68799967,-.13800061,-.49959466,.79579753,3.9916568,3.9952378,-.35016975,1.7377899,9.951479,.62176454,1.0616722,3.8284912,3.8286734,-.64548874,-.38810995
1.0733448,1.6733142,1.8543663,1.1419791,4.7008595,.31697962,3.5922103,-.48564383,.93981677,.4103049,5.3050628,2.2841873,3.7307727,.096338324,5.0117941,5.3154297,-.66518074,-.87479043,4.1441555,5.1063228,1.0821865,-.31029665,3.6351371,2.6222205,2.3185799,4.4377799,4.2979355,.94394511,2.6656671,-.64323151,-.050972015,-.45324588,.69812793,4.030097,3.5387411,.90229923,1.2832729,.39788851,.43804929,1.2616543,3.850754,4.3419089,-.65061933,-.24423084
2.5164607,2.1851876,.98546034,1.5550727,2.8765857,.69869536,3.135781,-.40900502,1.2871324,-.11432356,.39773756,.91937989,1.4512564,3.7006419,1.5613437,3.0834963,1.3505595,-.86659533,1.0372405,4.8309708,2.2788484,.65884876,2.5568891,1.249514,.79168141,6.9443121,1.9960085,-.014251007,1.7137939,-.56524915,-.18796183,.25938523,.17911939,1.2692038,1.2402896,3.7322419,2.7195723,-.23818243,-.41021702,.4432745,1.5868598,2.1136086,-.23657565,.48957849
.76330787,1.0447663,-.17986569,1.8427495,.83340919,.42204851,.73190814,-.41751561,-.01142521,.19463986,.13639501,.24448515,.016834671,-.6236822,.27413231,.26967803,1.3454659,-.46349108,.16783114,.41409516,-.12217339,.26265377,.51124346,.16465171,-.28972408,.41708261,1.3600811,-.14229651,1.0496268,-.55979276,-.15515889,-.31274769,.88586128,.03134172,.011838292,-.51935643,-.41639307,-.30277139,-.18624869,.13236976,.55801964,.3601017,-.47721723,-.38906816
.71824569,.27736151,-.28302899,1.4954522,-.09696468,-.12161027,-.24129336,.70493644,-.17992051,-.38264263,-.12312128,-.12659457,-.15990914,-.60442895,.1125342,-.036203004,2.3562591,-.28317356,-.090234481,-.19721287,-.53847528,-.31177726,.36386397,-.18468139,-.43293592,-.16276006,.31186426,-.37738338,.27111459,-.50006092,-.45555919,-.38397568,-.43805593,-.020567225,-.17721657,-.43646437,-.27874845,-.30410635,.18537173,-.20259356,.094963849,-.0035173178,-.42267534,-.3744736
.5993582,-.087242402,.5292477,-.056090917,.16975223,.32693249,-.18448289,2.8608043,-.089662179,.68290454,.078150921,.22511633,.098283447,-.72483248,-.27125111,-.24945743,.91905737,1.213562,-.070923433,-.31950402,.56537503,-.33902422,.37225461,-.007084392,.12590273,-.32589501,-.067820594,-.36945358,.86347038,-.27936253,-.66001791,-.29480249,-.35486379,.42467147,-.2052723,-.53370857,-.34517714,-.34441635,-.41462982,-.01027793,.34454882,.24595052,-.34648412,-.48221591
-.092042729,-.1541964,-.12666911,-.59354293,.56351191,-.39095208,-.030486768,-.24626672,.31285194,-.43696204,-.23852791,-.20639822,-.15730166,.75096607,-.23614112,-.61118793,1.1355033,-.41204438,-.28268108,-.33280188,-.31843024,-.4567551,.2134394,.40548959,-.47260183,.053305667,-.23484446,-.28906935,.33612421,-.56303996,-.64300644,-.33680278,-.42428696,-.10362944,-.24683301,.12627824,-.45426103,-.32330188,-.5238269,-.18211553,-.13721739,-.23168977,-.49880081,-.41544467
-.2266362,.82574791,-.0356385,-.20119989,.84973943,-.31444886,2.2944324,-.57640594,.10241858,-.38949102,-.24499996,-.072106615,-.10653705,2.9807582,-.23786312,.71704668,1.5062944,-.56465012,-.27395096,.9772287,.95104074,-.36033389,.29752105,.27385595,-.34936762,1.0788711,-.22203125,-.26988736,1.3351959,-.5951308,-.29938921,5.5211487,-.33544225,.32577032,-.24096645,3.6109338,.47858796,-.29484871,-.23967175,-.25053149,.2257957,.68850249,-.58580095,.086473286
.060033355,1.2520494,-.024996061,.13136196,1.1354727,.15705287,4.1496644,.26891211,.2369794,-.008650532,-.35078874,.10607153,-.1620449,1.8098645,-.039442319,.70379829,.50596535,-.50050837,-.14294305,1.6446381,1.2049357,-.33518291,.44255951,-.040149234,.012291268,.58206391,-.30540732,-.078643069,1.237736,-.57367808,1.8797312,6.6199293,-.11630773,.026966592,-.22551551,2.9210629,.75496519,-.30796257,.17211401,-.25429076,.36469895,.89440614,-.13227828,-.045283884
-.39856166,.72063118,-.27384198,-.46786243,.1496743,-.44140929,1.9335293,-.52839363,.0344331,-.39637193,-.39524108,-.14850813,-.28065708,.056408256,-.41486835,-.33164465,.32345265,-.80376554,-.33816135,.65259063,1.4533415,-.57204968,-.068989441,.01538521,-.75194108,.057993706,-.40072089,.91620618,.2599735,-.63839066,.67075777,3.9791951,-.58995807,-.17827567,-.16101892,.74191582,.29271513,.312576,-.45125645,-.26380271,-.13086846,.10713711,-.7764864,.0555312
-.56927222,.23337348,-.36512145,-.67864591,-.087196693,-.79503101,2.390492,-.20648164,-.11300205,-.35739887,-.40323848,-.018072,-.24087615,.59309226,-.41516811,.75607848,.54948062,-.56374717,-.3062728,.34683344,.9402712,-.55795825,-.20176184,-.23530748,-.90074313,.2323112,-.24704859,-.35998684,.36685342,-.56073284,-.40990102,3.2810431,-.47297898,.099240161,.16261201,1.5143951,1.2564012,-.10371986,-.40019351,-.25894976,-.12496118,.061113574,-.73615843,.41179883
-.47936228,.13074623,-.11593284,-.36525074,.13499334,-.71419209,1.3592271,-.34366235,-.29027927,-.34236377,-.35005543,.20243494,-.21076499,.058118038,-.38130072,.20787656,.9519158,-.59221774,-.3183853,-.17582485,.55054766,-.41824481,-.11733272,-.30865553,-.88141894,.26673532,-.26768741,-.55628049,.051076006,-.60495222,-.63200319,.95528644,-.48118404,-.24899817,-.098415174,1.3697038,1.4936101,.1837128,-.55987835,-.26551002,-.14987959,-.10556516,-.29102805,1.3059022
.028941156,-.21300878,-.47176245,-.42926848,.10866083,-.22588103,.76504308,-.92672801,-.35667557,.37599203,-.17797896,-.10018297,-.25833046,.25946194,-.34385011,.31122452,.7263422,-.02889601,-.46280968,-.17591505,.26084301,-.54791611,-.3577722,-.28007811,-.58318287,.17833574,-.2504485,-.29778859,.28472388,-.42197633,-.73568857,.47073296,-.42774573,-.20874132,.098449841,5.0429387,.81480533,.056961466,-.39878142,-.25564778,-.13575161,-.15434699,-.71019566,.11685251
-.40601477,.23524804,-.31693691,-.66987091,.48747453,-.83426178,-.16171691,-.61896348,.022745812,4.506846,-.23913853,.4807885,-.26575819,-.26745495,1.721831,1.0868416,1.2010857,1.9180655,-.30014175,-.32782221,.1623024,-.49038291,-.19743635,.099818237,.47068712,-.33350056,.36025795,-.211768,.96792614,.3090913,-.59426719,.18098155,-.33607957,.044807117,.029837167,1.1157291,-.2147782,.44272658,.19111542,-.24740723,.2969352,.039089181,-.45960203,-.26517209
-.38819599,.064543359,-.33638084,-.48875728,1.0861102,-.92341989,-.43270642,-.44915402,.41957745,2.550935,.020162284,.16193581,-.20473415,-.23671281,1.4093484,.22400057,1.3715118,.99959475,-.34666458,-.21969363,.11106916,-.50537121,-.050366316,.69705647,-1.1593493,-.28079468,.17154206,-.47172716,1.0566379,.49170148,-.68962026,.076323025,-.3379302,-.1963715,-.42709196,.23644254,.057224546,.66579294,.44662938,-.23695678,.19412425,.019428313,-.77687448,-.35003573
-.14256544,-.04452651,-.48557511,-.6493209,.36681136,-.90625298,.61262047,-.078411318,.40311047,1.0660444,.087916255,.13817205,-.21849996,.047742445,.27265343,.0020685329,4.8749561,-.37046772,-.37398565,-.31106988,-.11906154,-.438068,-.13390632,.032718014,-.79446363,-.14175346,.99108183,-.7003966,1.1130668,-.4656311,-.69068009,-.029434213,-.54680747,.1987341,-.10555934,4.1707683,.72948027,1.3426487,-.069849379,-.27788645,.17507248,.2563242,.16363683,-.38727188
.31333372,-.30970076,-.41140884,-.21736789,-.27015159,-.3757197,-.30526528,-.58705139,-.33003229,-.36078525,-.13155234,-.086807005,-.028407333,-.39905787,-.035643063,-.028332541,.13210234,-.75400728,-.36438143,-.48486969,-.40883175,-.45965543,-.37326953,-.35193035,-.37644207,-.53008497,.025004514,-.63537079,.53691864,-.64723736,-.78505397,-.25618598,-.58099586,-.42813778,-.33098045,.29159316,-.23299246,.14976266,-.56884909,-.24744312,-.15296954,-.27717721,.22145253,-.242127
.54895556,-.3744438,.17938185,-.07586164,.13892905,.084800802,-.051817123,.14944994,-.34436178,-.32204816,-.23861237,.016514087,-.27871683,-.43015227,-.17621514,-.085634761,.8051669,-.62387472,-.38265368,-.3654837,-.22376126,-.33842331,-.48893949,-.11906745,-.63820279,-.3343285,-.19701812,-.25650594,.63783437,-.65335399,-.23368056,-.1083677,-.42410451,-.093036681,-.39953455,.40184915,.65047443,.5801748,-.60137624,-.26011762,-.25150946,-.23348467,1.099129,-.26232165
-.051770676,-.053620245,.30772248,1.1344517,.40328664,.21193549,.12005824,.48166102,.018876227,-.085706525,.18960278,.30420688,.26464254,-.23070209,-.12344591,1.6088761,1.1994305,-.76309663,-.31968319,-.3717452,.2048659,-.31382936,-.15277752,.22762804,.14832018,-.17435458,.36478424,2.9549696,1.5298982,-.55912536,-.03250346,-.06557332,-.3831436,.51585221,.1546264,-.089957632,1.4032516,1.4305422,-.58643192,-.24133869,-.0024837307,.33442715,.74082714,.26634693
1.3912411,.056101155,-.11304274,2.8912196,.10321176,1.8312783,.63526237,.35354036,-.073131405,-.050259225,-.2863048,.086232848,-.024836551,.78387505,-.22287795,1.853524,2.2203579,-.7278108,-.25537115,-.4108575,-.029559366,.011090415,.073994182,-.14850557,2.2681761,-.16357131,.063554995,.92315507,1.3557057,-.47040138,-.17514516,-.14520335,-.24137618,.1893786,.28479981,.30831605,.46262541,.66046625,-.28574565,-.26203796,-.081402346,.30107027,1.5465308,.42319822
-.17216572,-.074241526,.061587662,.98011833,.62985802,.74569464,.69501704,.46791184,-.20955306,-.01327416,-.2038803,-.049514014,-.085252441,.25318801,-.16351822,.5877043,2.1790109,-.56589907,-.12956738,-.43287736,1.7686599,-.2759012,-.14020836,-.13222457,.12463923,-.1562698,.044215832,1.6907347,.98300493,-.36895749,.45198458,-.26213288,-.27393246,-.27196515,-.31537396,-.054902952,-.4162738,.00076132844,-.419992,-.25088087,.029574906,.085403435,2.9229186,.48911396
-.31066477,-.1539631,.10925788,.73867285,.081977256,.48906177,.91497153,-.21245208,-.14887096,-.19042362,-.078674354,-.32177898,-.33527881,.43631482,-.38193536,.19074723,2.8181503,-.69004512,-.35435414,-.3806082,3.1723821,-.40370947,-.19423224,-.20172715,-.58099359,.032139309,-.21132663,.17931709,-.084144674,-.6187306,-.063720092,-.21794191,-.42286044,-.047620334,-.34988368,.10261271,.64779961,-.18749264,.33641571,-.27071282,-.22366996,-.15945029,1.1307304,1.5241247
-.20180435,.15264885,-.47353998,.8788417,-.27857655,-.1853707,1.6666721,-.28561231,-.47416636,-.1733183,-.1984573,-.38295108,-.33892739,.85991907,-.37852338,1.6741354,3.1196873,-.62716889,-.38623029,-.31297484,2.4883893,-.53588033,-.42514735,-.38025531,.41017878,-.21331975,-.35419682,.30620781,-.022664119,-.47222134,-.005240656,-.0031569216,-.52208346,-.44102383,-.48771688,-.24625257,.4030484,-.16960844,-.64447165,-.27178121,-.25314561,-.0041527105,.047894735,3.6166096
-.299622,.31666091,-.43579996,-.12356318,-.33632651,-.20784716,1.2765242,-.69156712,-.39426619,-.30925745,-.12945293,-.39427406,-.33346012,1.608904,-.35673133,.25074327,.93313402,-.48051313,-.43587139,-.29481345,.80148333,-.49258655,-.39798847,-.35424864,-.3980861,.092323884,-.16792722,.34690252,-.16744789,-.45854732,.43591288,.28000948,-.30763772,-.41060227,-.52043509,.026279248,1.155601,-.23839004,-.7347278,-.27995077,-.39263403,-.12851843,-.079247229,3.9314194
.019019991,.1431727,-.1833152,-.0042622313,.011214524,-.26890081,1.4105153,-.15509915,.029513737,2.3055134,.18223721,-.23439385,-.31360322,4.3916903,-.35000756,.35746855,.4599908,2.060864,-.26869178,-.20769219,.26872593,-.37420329,-.27922866,-.15806711,-.16326489,-.062237792,-.23620342,.040269908,.42123443,.20266603,-.029639844,.062157396,-.38215494,.075004175,-.18000244,-.27388942,1.5572526,.093691416,-.33045107,-.26827458,-.18131161,.20271294,.37562287,3.8976424
-.5083853,-.17659451,-.41435686,-.043755747,-.47060421,-.69951713,.13123231,-.74238539,-.21122494,-.023819175,-.17170523,-.15471382,-.35558537,.79662478,.083425425,-.12651749,-.022574386,.441865,-.39274347,-.37414515,.13099904,-.53276926,-.47747046,-.45476356,-.68938184,-.31530061,.29177287,.16984437,.051604483,-.54117006,.0011128623,.21024139,-.45686647,-.11268665,-.27743572,-.37977725,1.1623513,-.26767361,-.68277276,-.26301777,-.4874728,.072337963,-.5741533,4.1862121
-.39565629,-.17268065,-.38753429,-.36314455,-.42685056,-.46665123,.096616477,-.67229319,-.471802,1.0781294,.26382843,-.13859996,-.43138707,1.4702425,-.3010349,-.59464234,-.18093996,1.3961346,-.435682,-.27790928,.20062879,-.50427514,-.45022276,-.29775289,.68397647,-.136669,-.20722102,-.26145563,.091387659,-.31348118,-.55279344,-.046489872,-.46985859,-.17593057,-.1881303,.013261055,1.1671104,-.24765524,-.75190252,-.26797494,-.46527255,-.063368164,-.23630939,2.9560528
-.25699443,-.26524827,-.48249713,.29890251,-.18837093,.67620826,-.0018038501,-.57086641,-.46182072,2.7110739,.33683857,-.29535347,-.4079175,1.1566391,-.51429278,-.56274062,-.098152712,2.5111606,-.41227406,-.373909,-.037880167,-.40051851,-.46876201,-.31821114,.097138718,-.37678862,-.35889259,.022897186,.18522429,-.28505909,.075218506,-.15030168,-.39758101,-.1121302,.58990997,-.20327817,2.086971,-.077510193,-.7232613,-.2679542,-.40612462,.037445337,-.5213902,3.1584213
-.41052571,-.029046768,-.47747821,-.50716799,-.4581376,1.5435863,.39038244,-.69078064,-.37440774,.68739694,.16703932,-.5047195,-.47267687,.57078093,-.45850024,1.5747886,-.25649279,.5835833,-.47302839,-.34199345,-.20707078,-.49077517,-.56934291,-.36755872,.24344526,-.34795475,-.24305235,.038055528,-.070786171,-.42306846,-.20016477,-.11603363,-.4955171,-.22125922,-.43533036,.46843788,1.6234385,-.26983511,-.72026265,-.27853146,-.4776518,-.17109351,-.63464946,2.7260838
-.151049,-.28677997,-.46653962,-.72688085,-.48553389,.5124923,.42617431,-.92905641,-.29573092,.02035585,.068671241,-.38409463,-.41100684,.1591763,-.52210397,-.33276671,-.28288099,.63352954,-.48526204,-.33523989,-.39399129,-.58880597,-.56337261,-.44657871,-.29193333,-.2399665,-.32730034,-.303161,-.11592785,-.61284399,-.41288444,-.19699834,-.60054797,-.23908831,-.48149848,.14760721,3.3403704,-.32203773,-.7464574,-.26838356,-.52158356,-.18031226,-.65052295,3.3430803
-.03602989,-.18655653,-.29793635,-.55093086,-.2663767,2.2448592,-.32482383,-.87050515,-.10280108,2.1971583,.27327922,-.27000597,-.45325065,-.20412728,-.21021347,-.23841842,.3582963,2.483876,-.43267402,-.21371046,-.35342956,-.51944751,-.068743713,-.39919797,.28893396,-.25825509,-.32070252,-.057919472,-.1282323,.88233507,-.4354144,-.31117624,-.53434169,-.40935871,-.47249085,-.27523056,1.5880058,-.12465872,-.7611264,-.27697822,-.52456939,-.3411943,-.49769986,1.2725424
.43024373,-.37554905,-.28983802,-.33941412,-.58579719,.86747521,-.67018712,-.59305543,-.30294484,1.722144,.029071057,-.53845978,-.48538423,-.29191375,-.5750677,-.17193329,-.32550994,2.0387499,-.43116227,-.34532726,-.35516322,-.40765795,-.26411542,-.33771241,.24474305,-.38782135,-.61404198,.77833736,-.23610641,.67662281,-.27768451,-.33804554,-.50179118,-.41114002,-.4823918,-.43826675,.10906083,-.16861707,.24915667,-.27244356,-.46176612,-.46427616,.18904297,.038933869
1.230732,-.041846856,-.20080961,.34072053,-.41940373,1.4355593,-.31120592,-.73604268,-.32552868,1.3364722,.58299005,-.37621242,-.42293856,-.1297857,-.45423293,-.16039218,.76489645,1.5420066,-.40323347,-.31877688,.040186282,-.46013916,-.24371621,-.32586312,.49450794,-.28385243,-.37058777,6.0513954,-.038092099,.38854641,.49390286,-.1080359,.0041779196,-.40404043,-.4258855,-.0086002052,1.4312773,-.22269644,.529019,-.28144327,-.51585943,-.30761251,.30998513,1.0515094
.60512418,-.42499521,-.36143699,.50524139,-.22071752,1.2249855,-.58774984,-.51003975,-.45854935,.39756936,.035355557,-.43165201,-.42555645,-.30773899,-.4817096,-.042406317,-.3031697,1.050579,-.37982541,-.37429318,-.3922163,-.38564917,-.36628565,-.33534312,-.4401252,-.30742991,-.37486029,1.8114851,-.16842821,.34308848,2.9813449,-.16031133,-.13742967,-.15853864,-.21844295,-.18726137,-.26137722,-.22415309,-.42604759,-.26057631,-.42881939,-.47422114,.026589431,-.034001604
.14003614,-.41298467,-.25286022,.81413358,-.30815732,.64121026,-.66578937,-.50759482,-.51382411,.45115718,-.14130019,-.44147778,-.32690284,-.22167267,-.51118213,-.26371777,.16249639,.73905116,-.42036119,-.32194456,-.3236829,-.42045516,-.22978793,-.3972176,-.61253858,-.34539059,-.39578357,.38753933,-.057312373,.35241112,2.5614548,-.1997381,-.059958894,-.3335138,-.37228242,-.090245783,-.21521877,-.24272111,-.42966694,-.27516896,-.40885916,-.47049105,-.042684235,-.061426647
.29939032,-.42839131,.12930834,-.041729387,-.21411979,1.5823656,-.33801579,-.53239989,-.38490364,1.3787106,-.34018013,-.36340129,-.31284976,.39044765,-.52554059,-.1859846,-.16053241,1.6746999,-.30578044,-.38619772,-.056834422,-.43040583,-.3034485,-.25328735,-.18732333,-.3834874,-.087273277,.1234147,.29615709,.91643631,2.2070975,-.24585922,-.17434868,-.22757725,-.21677081,.10212792,.70334131,-.30536366,.044800095,-.2805278,-.36967987,-.26074576,.36657003,.15976714
-.14361575,-.25780237,-.22315523,-.31400704,-.39536801,.18763472,.078758217,-.37313041,-.39458644,.95005709,-.39446199,-.47275716,-.3791734,.81163269,-.44402614,-.061716516,-.1676057,1.209399,-.37342447,-.25045538,.27613422,-.14269806,-.23868772,-.21661539,-.46256673,-.12023559,-.36850917,-.071140215,.38770366,.85232657,1.6641955,-.2266494,-.11332182,-.46979544,-.43812183,.27342403,1.487686,-.24817033,-.28468406,-.25665724,-.36291331,-.19222003,.48061654,.6382938
.358955,-.18748099,-.16170381,-.012201328,-.19811749,-.15625159,-.25234792,.52852809,-.084250614,.5988037,-.21689282,-.34428653,-.26987687,-.39630815,-.27258703,1.4692466,.12360903,1.0505685,-.29305461,-.029962869,-.13309956,-.034503888,-.25905228,-.16326898,.45949313,-.20817092,.35536522,.030545413,1.2280833,1.456214,.45133108,-.15310164,.0028092174,-.26650295,.3508552,-.2189067,.59885466,-.075186066,-.053922866,-.25849113,-.38573182,.0711779,.40358785,.25341907
.40506828,-.38829759,-.053698983,.20795102,.15615775,1.092097,-.65220749,.20127618,-.033145834,.69369388,-.10631479,-.18531995,-.13862714,-.26762652,-.30765536,.10823746,-.30579627,1.8388896,-.13823469,-.24460697,-.23239513,.2221535,-.03437702,-.18311918,.35970896,-.26446146,1.9222518,.3500177,1.2236847,1.995267,1.8087661,-.31107792,.10336658,-.12125431,-.30222777,.068272404,-.068823524,.040130962,-.25239593,-.23983243,-.34368357,.080234051,.42633647,.05577071
8.3537092,.060450979,.12933512,.70742595,.0060320701,.69115829,-.71511447,.75667417,-.054865852,.54905599,-.034945648,-.024694743,-.15003124,-.22697702,-.32396901,-.16857651,-.5560329,2.7446258,-.066967428,-.21499364,-.51501894,.37786359,-.1308261,-.10093627,2.3425951,-.38701794,2.4861145,.10534867,1.6361191,1.1949558,.74333864,-.31574312,.23279792,-.21888334,.091877684,.12322088,-.28054151,.14597718,-.40605706,-.26082128,.095376819,.41643173,1.151312,.040341087
.51657736,-.41486624,-.17670348,-.46662441,-.079149291,.54633754,-.83598751,1.5287993,-.31807381,-.23940292,-.24686532,-.085866831,-.18536937,-.50311196,-.39837551,-.011104755,-.37294468,1.4746964,-.018958693,-.26092887,-.42847791,.31985626,-.19515628,-.16037755,1.2827839,-.21996394,.62634951,.09504839,1.2361959,.52561271,.45758903,.15777066,.041074947,.010038946,-.22065715,-.13866533,.28422469,.18301055,-.52741688,-.24189052,-.25604594,.12104592,1.1856427,.11631683
.18970524,-.43865553,-.29127264,-.26991946,-.50975537,.9660762,-.83506691,1.0116246,-.41622105,-.30456114,-.21675573,-.41230077,-.40193668,-.33530024,-.45499283,.33212218,-.49161893,.79239464,-.3269397,-.34707534,-.45587674,.014578216,-.16946284,-.25327605,.25071603,-.29872999,.00070574007,-.072810598,.31936127,.92132133,.67933255,-.17171639,-.23256098,.23217094,-.037607037,-.24668454,-.40679455,-.19138367,-.59212953,-.2320146,-.44160646,-.1522444,.6940344,.0082789576
-.30548224,-.029664913,-.24443798,-.34080446,-.38377529,.20999737,-.9060173,.81828529,-.40661654,.025414674,-.12061942,-.44350332,-.38398167,-.56102717,-.4273338,.23189683,-.62107646,1.452505,-.1392432,-.40626788,-.29696044,-.13112853,-.30477118,-.23834151,.38126248,-.22983705,-.34428546,.20527689,.31293157,-.10306948,2.3139112,-.31317446,-.13972029,-.27859715,.28560743,-.43018061,-.017761942,.71192944,-.7146759,-.23195438,-.51644236,-.12395385,-.052287865,-.031309523
-.096148074,-.2192499,-.30929303,-.33834592,-.027003953,.33040676,-1.0232502,.75682712,-.097660124,-.10645811,-.18182491,-.26601151,-.30971816,-.23929201,-.49427027,.2454652,-.26471162,1.0171437,.13516818,-.28687078,-.23543367,-.16745596,-.28220215,-.21032079,1.0896868,.86075008,-.32720098,.5569486,.26304373,.14742866,3.1940396,-.29657182,.10133092,.079564869,-.015064358,-.46234852,-.58585495,.30605465,-.30819705,-.17653792,-.32434538,-.1419144,-.44929042,-.22179097
-.22224711,-.39384538,-.28980446,-.43274388,-.41717887,.035326585,-.77433765,-.76466769,-.37350249,-.53430426,-.32558379,-.4440276,-.35540417,-.53469473,-.49126205,.48293325,-.3926315,.34420699,-.3829869,-.3056865,-.44130599,-.4174538,-.34569255,-.10181892,-.081051148,.60387117,-.16065562,-.075045094,.29599693,.6429885,1.0400159,-.26746869,-.38162667,-.39309949,-.2448667,-.43865865,-.7829963,-.17419718,-.69865984,-.25761726,-.46827513,-.2905533,-.45583764,-.27342457
-.42113051,-.50364792,-.44200766,-.54141396,-.58486229,-.61832482,-.86781842,.067183532,-.39211053,-.49394974,-.22602223,-.63167292,-.46858421,-.60038805,-.4686071,-.4432694,-.58282691,.63684052,-.46650603,-.46989611,-.51996887,-.34193325,-.54249233,-.22670613,-.099072486,-.20420845,-.26984525,-.40611735,-.21654038,.038295839,.91871607,-.35975045,-.3440004,-.44004694,-.25716975,-.41155946,-.46516475,.06316673,-.6487053,-.27296239,-.60316068,-.48120481,-.52270758,-.26813832
-.43714985,-.43275309,-.32537982,-.32980576,-.59647149,-.58705795,-.55376196,1.6895379,-.50345987,-.53698683,-.32627177,-.5784297,-.38335836,.073476881,-.092972212,-.68023086,-.40563944,.50239128,-.49190637,-.45762619,-.16478932,-.23112795,-.49150959,-.31622306,.77150047,-.12213495,.15539196,-.48218182,-.20401202,-.081201755,.45667329,-.36551169,-.49490175,-.45899341,-.51662076,-.40174192,-.49034178,.13522755,-.85155505,-.24631824,-.60515332,-.37181354,-.33381125,-.2423258
-.41448376,-.3088676,-.11879774,-.26444858,.047202229,-.46453255,-.65776688,1.3428143,-.37668154,.84729952,.2026213,-.21676488,-.28167176,-.28847936,-.055154331,-.1316229,-.29650363,1.1628609,-.37784365,-.16171266,.0031779117,-.36831412,-.41532183,-.2892887,.55956554,-.14076796,.35466495,-.30465016,.16321315,5.0142584,.27512884,-.27299038,-.3655678,-.31716681,-.2748163,-.4708055,-.44001758,.1163834,.1991467,-.17846949,-.33862025,-.040751077,.22575241,-.038873002
-.52587378,-.40005583,-.25066379,-.39247131,-.20891128,-.7371918,-.59553403,.55466104,-.3407616,.30995944,-.34107223,-.088784359,-.30406132,-.13830879,-.10653946,-.57604665,-.41191998,1.541988,-.33484733,-.20528674,-.42557013,-.40035158,-.18965183,-.39887106,.030819938,-.24321404,-.31055313,-.31218609,.35435829,4.2434053,.25222778,-.16510484,-.23259199,-.40354872,-.19222558,-.37212977,-.53858209,.086565539,.59668458,.12810639,-.25324708,.1716488,-.33988217,-.02018005
-.31988424,-.49982962,-.21288978,-.31500885,-.3570708,-.88147491,-.65798014,.062548935,.23106398,-.50615054,-.10389739,-.38277707,-.40405914,-.26508933,-.17903984,-.51278889,-.39012295,-.012782819,-.41079357,-.3871592,-.31897205,-.42554837,-.30437893,-.25403595,1.4784733,-.49096245,-.47414154,.73264408,-.4415575,.15194358,.012825879,-.19792823,-.36128795,-.17771173,-.41264933,-.31580436,-.49399102,-.1269515,-.13416238,.11486353,-.47255641,-.4073965,.33647045,-.24577776
-.41314161,-.43065789,-.10870383,-.62321109,.33927333,-.83836335,-.63598973,-.019695107,.04310482,-.28698367,-.43653876,-.25497681,-.43429315,-.39732662,-.31295258,-.48440921,-.43442312,.071434528,-.42192331,-.28932947,-.31135556,-.40663192,-.3913736,-.12380794,-.0069576646,-.57863569,-.53100336,-.15126906,-.29642773,-.2444433,-.030253224,.10825447,-.30069706,-.21606739,-.37316242,-.26399803,-.81112343,-.094754197,-.24534538,.15179503,-.45569068,-.24625497,.29970628,-.24493419
-.041355893,-.46088073,-.147484,-.41971487,-.004889993,-.48678529,-.547153,-.32242319,-.45594305,-.55379575,-.47333106,-.22029047,-.40537235,-.44543183,-.32425514,-.45783651,-.31451842,.0023329461,-.50738192,-.2308062,-.17015244,.0012687431,-.41172579,-.24870171,-1.1737466,-.53945988,-.50676239,-.48298499,-.31150994,-.14208254,.42415908,.7136721,-.37494749,-.4108685,-.51985502,-.3169367,-.8965503,-.11448258,-.45463029,.08959268,-.42192411,-.19781992,-.080695249,-.31976178
-.39596021,-.40225995,-.37410194,-.78575295,-.54549742,-.44720218,-.75685853,-.479366,-.309055,-.43633282,-.47946402,-.35914963,-.42920399,-.65340072,-.30727583,-.52067196,-.32847822,-.086466014,-.52526373,-.35040736,.017547086,-.16660835,-.28871608,-.24027729,-.38796955,-.45749718,-.57107157,-.65248102,-.52231228,-.30733645,-.16166683,-.1443,-.51510781,-.3646791,-.65760785,-.070800208,-.87442207,-.19688568,-.53070831,-.11241963,-.53627354,-.51652426,-.66981649,-.32332802
-.63744706,-.43035004,-.53316212,-.9014588,-.62945521,-.78230411,-.70935577,.098352082,-.57841563,-.46472636,-.44292763,-.6042105,-.53256953,-.12576032,-.41999182,-.59724319,-.32782698,.15866502,-.56138194,-.4658843,-.36573666,-.33978006,-.57706982,-.180145,.059296139,-.48524392,-.5681138,-.67203826,-.78432757,.29348198,-.45107064,-.25420764,-.48286858,-.4117271,-.57145375,.29213619,-.8947829,-.28328919,-.4045766,-.19604315,-.65450317,-.71598983,-.67915928,-.42618012
-.54525334,-.42712682,-.58100712,-.82875472,-.60922229,-.7021066,-.75371122,.058326095,-.57456571,-.4943113,-.24126804,-.64929658,-.55816787,.07951232,-.35390806,-1.0325543,-.42655903,-.1295386,-.60778892,-.46100342,-.049750563,-.38046134,-.57315105,-.14458537,1.2554442,-.59590638,-.52053785,-.59293884,-.96471101,-.011356212,-.23452455,-.2955901,-.48459715,-.51160681,-.59115553,-.33041465,-.89283878,-.31215829,-.6584875,-.21677926,-.71578819,-.89493304,-.82598817,-.44129562
-.45507324,-.3096166,-.54034835,-.54364514,-.62813962,-.65842235,-.4089053,.2240347,-.5717321,-.5087418,-.52981603,-.51574391,-.51420599,-.17763284,-.50703597,.4289721,.47835615,-.018187607,-.5287739,-.4559077,.16535011,-.37855619,-.60466671,-.26405284,-.93222326,-.51776397,-.66116935,-.20103562,-.74008799,.39914331,-.15983912,-.1826048,-.54106706,-.53762221,-.43071362,-.24384481,-.66474175,-.29149637,-.51927584,-.23407553,-.49859729,-.73844635,-.72213054,-.42975459
-.60693568,-.26950446,-.06447053,-.72594506,-.45937648,-.73715675,-.20701645,.71448117,-.57243955,-.64177704,-.017199764,-.50947231,-.4461931,-.40767741,-.26870146,-.25201678,.83551306,-.32677716,-.3853209,-.46973094,-.087151296,-.29951793,-.45064247,-.22629498,-1.0507364,-.50339115,-.6161443,-.18127434,-.50214493,-.20146789,-.26527074,-.094155475,-.53251171,-.60442084,-.47310704,.46999481,-.51734978,-.32708344,-.34520683,-.19467257,-.50002241,-.63981324,-.47229072,-.33932516
-.60304987,-.47527006,-.57183146,-.7030462,-.60993689,-.75647891,-.71157229,.98285067,-.4905917,-.56805962,-.33075082,-.66507214,-.55416489,-.51761043,-.52784401,-.37101895,-.031239856,-.060997922,-.60517073,-.56482083,.22534509,-.33957386,-.58022791,-.19913697,.26346558,-.35017508,-.71787697,-.58252376,-.90584582,-.19480817,-.33573744,-.14988479,-.57483929,-.46511894,-.61347616,.091849037,-.25655633,-.28486705,-.79359883,-.23763233,-.68110377,-.88869077,-.30296826,-.42865095
-.38839209,-.22778656,-.29785287,-.21853538,.093721598,-.6030094,-.31150642,1.2672533,-.47941169,.067320555,-.29198048,-.50838685,-.4252739,-.07649377,-.37861028,.61957347,.78712249,.95165527,-.42002982,-.25823292,.41612655,-.040038291,-.31029052,-.010442951,.058380421,-.20059334,-.57183057,-.77611065,-.46133235,1.4125514,-.44478974,-.05880801,-.29898778,-.24295324,-.13065913,.47813815,-.90372521,-.20192468,-.32310691,-.1614064,-.43625343,.29853845,-.46682179,-.3306751
-.30205572,-.14485188,-.50666058,-.40571681,.019451953,-.62686491,-.51134384,2.1265192,-.19358282,.010524898,-.43213648,-.38637555,-.44901648,-.19508474,-.50592124,.92734373,1.1206524,1.5386424,-.47375146,-.28933182,.93285596,.084223978,-.40403971,.14049035,-.38869855,.1121114,-.61670923,-.61895484,-.52820075,1.5501883,-.16411775,.23096889,-.27124766,-.33864403,-.33766085,-.17760941,-.71789306,.004485304,-.31608379,-.21333754,-.40618426,.25227204,.24207091,-.32271364
-.44044775,.27478814,-.3417252,-.40334567,.27592161,.67265302,.093464024,1.4593343,-.4039014,.063437134,-.33809131,-.08726421,-.27840903,.67460001,-.47919986,.37850502,1.3682361,1.250712,-.37688589,-.041224815,.75676239,.21221696,-.33506939,-.081666335,-.54511726,.018839085,-.43150052,-.28473672,-.3797456,1.6203007,-.26739067,.915007,.4570199,-.41761202,-.17831226,.02305595,-.25201946,-.1044073,.68276584,-.20598756,.0069237193,.62463772,.57575798,-.20372927
-.59249294,-.11242448,-.43950623,.1635846,-.08268775,-.050584041,-.41013932,.25222859,-.37574008,.0031732731,-.44754753,-.35680297,-.41547516,-.24407282,-.54884815,.23680279,.70834559,.49243575,-.39033034,-.28475696,.34246475,.04893446,-.24564008,-.26865941,-.52673465,-.12285101,-.40149039,-.60305762,-.78073221,1.1975132,-.15989931,.36099771,.48688921,-.55506146,-.26763728,-.10669873,-.51422733,-.12201873,-.074162051,-.1391713,-.35020092,.19504191,-.072806716,-.31248286
-.60727304,-.193277,-.42092478,-.27893996,-.50765288,-.87714183,-.28230006,.083443962,-.33422041,-.15213409,-.40605947,-.52263987,-.44871375,-.23914702,-.56038624,-.25642219,.81306112,.19284791,-.49720842,-.34515265,-.18825133,-.24505274,-.41189292,-.26614764,-.76611453,-.44539317,-.61670864,-.75481725,-.89331442,.27085045,-.47430924,.16664873,-.17260295,-.52817523,-.63917524,.19792554,-.44406518,-.24399821,-.50863516,-.13424672,-.41076806,-.23639262,.010259578,-.34151241
-.5548076,-.20506695,-.42704004,-.25603509,-.092688099,-.73817635,.25272205,-.30788833,-.12814578,-.11551517,-.20284288,-.3820639,-.40088412,-.1832445,-.55824566,.01495847,.54806173,1.1551487,-.47301728,-.30813238,.092388473,-.14095508,-.40168479,-.2837033,-.79496735,-.55069679,-.6592592,-.83464468,-.62939376,.1999435,-.3975859,.36824414,-.36564618,-.49387899,-.44735008,-.13826843,-.67934662,-.3271566,-.52360731,-.17025599,-.34699634,-.19908403,.42093608,-.34126043
-.61332268,-.18342102,-.47600853,-.57313871,-.55730343,-.92879951,-.19608539,.16146462,-.50988251,-.23402756,-.407148,-.58235747,-.46569663,-.2357171,-.59359759,-.19676672,.059783548,.26144829,-.52280909,-.41804025,-.067720108,-.1506276,-.49198452,-.31266797,-.8481462,-.45590407,-.53291655,-.69106084,-.84630787,.43325567,-.33415055,.18209913,-.394995,-.55455393,-.43283045,-.34764498,-.56211179,-.25321254,-.15859668,-.23533276,-.46472964,-.21904631,.069112167,-.3447037
-.59966075,-.30062485,-.49138597,-.53048658,-.55355018,-.95007926,-.35625961,1.1000957,-.47346431,-.32930523,-.30923608,-.55742818,-.48433259,-.27868852,-.56562805,.230992,.0088993814,.37720668,-.56139296,-.46440867,-.22156721,-.40387931,-.48569113,-.45715073,-1.1188624,-.55547422,-.47312891,-.77021843,-.79602808,-.038610831,-.15630104,-.003728831,-.46017227,-.58857453,-.5508613,-.2257605,-.50142902,-.33289433,-.42027915,-.11338063,-.55619758,-.40662122,.98477393,-.40088555
-.54897022,-.32121092,-.45983902,-.30432624,-.42757541,-.9986102,-.20518751,-.019825034,-.1622017,-.083807394,-.52156168,-.55758101,-.51394308,-.00077754696,-.5629918,.20259149,.25807974,.54643095,-.57361341,-.38922831,-.24040967,-.14116018,-.41860941,-.32921222,-1.1299983,-.5388093,-.44925648,-.71129531,-.75219375,.067354657,-.54605716,.31206688,-.50547236,-.50804973,-.48898938,-.39084455,-.60640341,-.30327031,-.59136164,-.18304548,-.55962873,-.40748501,.78064662,-.4144758
-.658418,-.18842572,-.47965822,.80888075,-.32953355,-.099904507,.050350588,.70382929,-.16398357,-.32290828,-.42861897,-.62115866,-.46013641,-.098882787,-.53439671,-.036880415,.033487741,.7424345,-.5734688,-.4105877,-.38024107,.1859466,-.33146846,-.29629442,-.76396346,-.54276079,-.56184679,-.096498489,-.66992038,.22287022,-.52272749,.30395651,-.30878413,-.22149868,-.44648758,.08444991,-.28287101,-.34212607,.27781954,-.18135932,-.50657785,-.34250498,.014469602,-.40687573
-.5973044,-.30133528,-.30279511,-.19357744,-.39330941,-.8138209,-.21750709,-.56400436,-.34292832,1.3626404,-.35833865,-.41877186,-.47458988,-.33656904,-.60178155,-.25587362,-.014782612,.45811242,-.36327308,-.42642659,-.39349723,-.13590363,-.44539079,-.21611743,-.90868825,-.53634602,-.68895018,-.51783371,-.91377467,1.0892353,-.23619986,-.098815918,-.48705173,-.55112958,-.52287704,-.34176499,-.72377014,1.8612552,.6658408,-.24968536,-.52778864,-.31939468,-.47812402,-.4413971
-.63881814,-.36731863,-.44617382,-.80629104,-.77667731,-1.0809401,.20406309,-.15509045,-.46807909,.5925653,-.53228092,-.5169363,-.48782355,-.20720918,-.59549981,-.32811779,-.39149347,1.165518,-.60006326,-.4733831,-.19474591,-.26955658,-.49862826,-.27007821,-1.2169188,-.34637552,-.6662299,-.65151864,-.62065321,.95213652,-.48710382,-.019733531,-.52619129,-.53239965,-.55483103,-.27219227,-.64031476,.30864695,1.2735773,-.24415374,-.472128,-.4631483,-.026080281,-.42728084
-.59963906,-.3507764,-.45995823,-.42786187,-.60374129,-1.0817627,-.080203317,-.47500336,-.41969937,.20730111,-.42387921,-.44453821,-.47018987,-.025168072,-.57013196,-.63783175,-.37270793,.80849284,-.52608025,-.40888655,-.29641268,-.34467056,-.45711741,-.26254618,-1.174826,-.3873395,-.68993616,-.76474983,-.61253637,.71400827,-.39475602,.24180247,-.60681349,-.37467298,-.38524675,-.49799335,-.82936031,-.066391356,.37590939,-.22707731,-.46014073,-.44703653,-.43483385,-.41552627
-.70120138,.013262515,-.050246,-.53546655,-.36688083,-.99625301,-.21286827,-.74444574,-.33470154,.084218189,-.37122253,-.3578341,-.31450787,-.13354281,-.42360094,-.4664638,-.099767812,.34718582,-.47294876,-.47496909,3.0726662,-.42897364,-.22068581,-.13592768,.31789526,-.30250803,-.19623302,-.81703621,.080855019,.69059312,-.47462869,-.15662247,-.50604576,-.2590515,-.2245978,-.43247846,-.7102316,-.046955146,.41855386,2.1154046,-.4258019,-.28743574,-.14576194,-.36400256
-.6716519,-.18344684,.033375226,-.55953681,-.47189057,-.83864671,.00070223602,-.30687088,-.17671181,.42796916,-.41130045,.1623567,-.29304364,-.065947503,-.14518529,-.36512324,-.32770866,.9641493,-.42777821,-.46988562,.43522462,-.32536632,-.39281178,-.20173338,-.87746698,-.3890914,-.51258761,-.55174851,-.19887166,2.6184919,-.26135761,-.16987744,-.29501125,-.25601542,.53867269,-.41381401,-.90041965,.14447476,1.1614301,.64820075,-.37939692,-.10575169,.20202582,-.36743072
-.47535846,-.20274419,.63468087,-.29789293,-.36671031,-.70493108,-.056997728,.082919985,-.19343568,-.19594222,-.42861339,-.080376133,-.35528782,.0018744339,-.30742899,-.26344284,.00015410592,-.27515921,-.42327189,-.25513357,.25739232,-.028866416,-.31380555,-.23304243,-.87074947,-.067884117,-.25879323,-.51840454,-.18617557,1.4134551,-.639072,.3632029,-.33316949,-.10198131,-.19402793,-.031203119,-.86769342,.36412576,1.5910774,.33732074,-.40711325,-.23157293,-.2838597,-.34429622
-.74189705,.072987959,-.035704415,-.52094328,-.32571718,-.81561464,1.0822667,-.30046698,-.38569686,.10361946,-.38071787,-.27623251,-.35115758,.53547573,-.46976778,-.26168275,-.10451469,.18266188,-.49802995,.017654166,.93574804,.27289104,-.28841102,-.2039995,-.79217082,.14491497,-.43788746,-.53301895,.17221166,1.8641245,-.49489546,1.6244695,-.27505952,.027883757,-.51484352,.15839957,-.84789503,-.062281676,.94908404,.53723609,-.39209267,-.1073047,.9108299,-.3450599
-.1305138,-.25157744,.00099014968,-.38591707,.064383797,-.64318347,.66953266,-.40481564,-.24391788,-.39506817,.24887544,-.40526542,-.3904345,.055086084,-.44446889,-.64309531,-.18646404,.5331645,-.56976092,-.29512218,.40590906,.20923011,-.48811379,-.31205961,-.4168995,-.37247947,-.52727842,-.86231488,-.069538176,1.6151074,-.6624881,1.1732932,-.65565854,-.098844327,-.41923222,-.22565758,-.93049866,-.27851376,.96120268,.25436291,-.4357999,-.40265545,.81464714,-.34296179
-.40067491,.027117368,-.23479977,.93295521,.012711316,-.079469524,.71517044,1.8927128,-.38903293,-.34269175,-.26500693,-.38670039,-.41665789,2.5960531,-.50473112,.10888052,-.081213608,.15756206,-.53880662,-.19096692,.053628825,.35430816,-.37645864,.27182367,.41579026,-.26740301,-.50567323,-.59129584,-.23323968,2.2391551,-.50104547,.70658362,-.35890004,-.062626205,-.48315221,-.057271264,-.82464433,-.2058894,.93839324,.1685043,-.43840659,-.36841172,4.4876328,-.016676642
-.57737607,.080636896,-.32784468,-.044369671,-.19641869,-.86997515,.67493874,.064007416,-.39198977,-.4585177,-.38535503,-.45462453,-.39037704,3.5135076,-.48125184,-.26882675,-.38202247,-.10465533,-.39289278,-.39324349,.33620474,-.16699505,-.40404344,-.36141163,-.27668291,-.33341077,-.55668032,-.71560645,-.62404275,.70995814,-.55058992,.089409873,-.21988481,-.41546863,-.43491164,.28800899,-.81069517,-.29923901,.15005428,.16748998,-.52056772,-.48809588,2.0596805,-.32584941
-.72933847,-.010290439,-.14926277,-.19066416,-.38457793,-1.0586007,.31763011,-.32374313,-.27132711,-.46989697,-.35632867,-.47381866,-.38885495,1.0399987,-.42735413,-.53936315,-.36985043,.14483376,-.49568355,-.45883909,-.16737071,-.24174343,-.49004474,-.16213594,-.70456499,-.43965474,-.32957846,-.75985622,-.52260184,.24243575,-.3249068,-.012612562,-.57695884,-.26291385,-.43850785,.40387776,-.74250072,-.25063378,.1180087,.44873527,-.53111994,-.52848577,.23944774,-.36907366
-.38655627,.86175483,1.0818013,.91375452,1.1152761,-.4463737,1.9522722,.074513063,.34762144,-.23970976,1.5732312,.047984954,.090198368,2.0653312,.49281788,.95586771,1.2463417,.15466733,-.084145792,.039421774,-.057370104,-.13377611,.063355953,.47253039,3.0456192,-.45625135,2.4743979,-.55544633,3.1839211,1.1679676,-.34649545,.60643673,.055433974,1.6400037,-.066824831,3.0145338,-.82992458,-.21276715,1.7318734,8.9432354,-.010677416,.3685984,1.7689273,-.30425659
-.45984676,.40219322,.11563879,1.2599785,.48336491,-.72333914,1.594189,-.02428039,.19961503,1.1881275,.50030708,-.21470165,-.191752,.95729989,.12993589,.38844448,1.3177,2.6761792,-.33192173,-.24933192,.1179821,-.11368693,-.030791195,.64622277,3.7522621,.050639141,.47273672,-.46853861,1.4121418,1.6778002,.24810657,.48838902,-.15460607,.88496155,-.40062156,3.0408208,-.73946089,-.14765996,.99574775,5.1801376,-.23292786,.11307473,.077071764,-.29232296
