9999,4.2881646,9999,9999,8.0812922,9999,9999,9999,2.657439,9999,16.335209,4.522613,2.2024446,9999,9999,9999,9999,9999,2.2516725,-1.5345963,9999,9999,1.3368984,8.3084021,9999,9999,9999,0,9999,9999,9999,9999,-3.6857142,8.3702765,6.1004786,9999,9999,9999,9999,9999,1.7392458,7.8848562,9999,9999
-1.7002612,3.2072368,-1.4265891,-8.6931934,12.084318,-2.5942118,9999,9999,3.9479058,9999,2.9025891,4.3269229,6.1728396,9999,9999,9999,9999,9999,3.9908681,-2.4295843,9999,83.488998,4.2216358,3.9495337,9999,9999,9999,3.7037036,9999,9999,9999,9999,2.1655295,6.8575382,-1.0146562,9999,9999,9999,9999,9999,-1.169468,11.36891,9999,9999
5.5859098,2.4302788,1.99336,-8.6931934,9.8920984,2.1897845,9999,9999,8.5025301,9999,3.063143,-1.3824885,6.8365865,9999,9999,9999,9999,9999,3.0963326,14.087144,9999,14.91713,2.7848101,2.3939428,9999,9999,9999,.89285713,9999,9999,9999,9999,-4.9941926,4.3304086,10.820045,9999,9999,9999,9999,9999,2.955373,8.541667,9999,9999
28.760134,-.35005835,3.239476,-5.3752208,7.4030614,2.27439,9999,9999,6.7690787,9999,2.9486127,3.7383177,6.622613,9999,9999,9999,9999,9999,6.7218928,7.385231,9999,7.2115445,5.4187193,2.5507514,9999,9999,9999,0,9999,9999,9999,9999,3.9425428,5.5328889,3.2887976,9999,9999,9999,9999,9999,-3.0068107,6.0460653,9999,9999
18.675323,.54644811,4.019536,-2.1405127,11.661815,11.496134,9999,9999,4.3808632,9999,9.3258247,6.3063064,7.9338317,9999,9999,9999,9999,9999,6.8824987,12.37197,9999,-.44843373,3.7383177,2.8159602,9999,9999,9999,0,9999,9999,9999,9999,-.70567483,4.6991186,6.9651742,9999,9999,9999,9999,9999,-.056652565,5.9728508,9999,9999
23.936062,5.1242237,11.094029,9.8008909,12.185495,39.822723,9999,9999,7.4203115,9999,5.8066411,3.3898306,11.488284,9999,9999,9999,9999,9999,9.5212126,16.231558,9999,17.117111,8.333333,7.0191231,9999,9999,9999,0,9999,9999,9999,9999,-3.4942257,7.3507023,8.6511631,9999,9999,9999,9999,9999,2.3518288,9.4790773,9999,9999
3.0712149,8.1240768,11.964697,-1.9793057,13.783551,22.772533,9999,9999,7.0588646,9999,9.2381096,4.5081968,8.236764,9999,9999,9999,9999,9999,2.5357096,32.292007,9999,8.8461504,6.0291061,8.8466101,9999,9999,9999,1.7699115,9999,9999,9999,9999,-.61368519,10.196743,11.729452,9999,9999,9999,9999,9999,3.198406,7.7223091,9999,9999
1.1339452,6.9672132,-1.7971705,8.2855644,-4.1387753,11.321732,9999,9999,6.7557807,9999,12.450035,1.5686275,4.1566076,9999,9999,9999,9999,9999,10.028672,-6.1742058,9999,6.0070829,-2.7450981,6.2059541,9999,9999,9999,.86956519,9999,9999,9999,16.633522,.092621177,7.7763772,10.651341,9999,9999,9999,9999,9999,.58733594,4.6343231,9999,9999
15.30614,3.5121329,7.8032517,14.677573,9.6478071,-1.0484335,9999,9999,7.1018076,9999,12.800746,7.3359075,6.2749839,9999,9999,9999,9999,9999,5.228725,-2.4794679,9999,3.6666555,3.8306451,5.8847752,9999,9999,9999,2.5862069,9999,9999,9999,-8.6931934,-1.6656384,5.5325103,6.7591829,9999,9999,9999,9999,9999,2.8313017,-.48442906,9999,9999
24.156118,4.1332512,3.9726145,-1.9303442,19.877346,-2.6886611,9999,9999,-2.0608766,9999,2.8160496,4.676259,9.6943455,9999,9999,9999,9999,9999,6.0285158,12.129705,9999,13.183278,5.0485435,6.434864,9999,9999,9999,-5.042017,9999,9999,9999,16.316578,4.7678795,2.9398298,10.153813,9999,9999,9999,9999,9999,1.403636,9.2489567,9999,9999
12.504031,9.0047398,6.5126972,18.838253,8.6141615,15.911294,9999,9999,3.7575758,9999,8.8601818,2.749141,5.3769016,9999,9999,9999,9999,9999,5.8597274,10.316122,9999,10.795451,2.7726433,6.3780041,9999,9999,9999,11.504425,9999,9999,9999,13.775194,2.6047904,4.495955,6.1579566,9999,9999,9999,9999,9999,2.7774382,5.0286441,9999,9999
1.8802898,11.603261,7.6701684,13.142505,11.809509,9.5606699,9999,9999,6.9383178,9999,7.0718784,2.3411372,5.3595843,9999,9999,9999,9999,9999,5.6084132,3.2451744,9999,9999,3.057554,7.4809175,9999,9999,9999,3.9682539,9999,9999,9999,13.363766,3.0930843,4.4225712,5.2164793,9999,9999,9999,9999,9999,1.3357993,5.6363635,9999,9999
8.9432793,5.965425,3.9561777,16.349747,7.9859715,-8.6931934,9999,9999,2.7730196,9999,5.6701179,.98039216,4.3732157,9999,9999,9999,9999,9999,1.7291067,8.7636461,9999,9999,4.7120419,8.3430166,9999,9999,9999,2.2900763,9999,9999,9999,3.2675755,4.5004244,5.4680333,1.7143183,9999,9999,9999,9999,9999,3.0136187,6.6551924,9999,9999
-3.6100538,1.1029412,7.3414087,3.460072,4.3283339,-1.3143905,9999,9999,6.6170907,9999,5.1764202,-3.2362459,4.182519,9999,9999,9999,9999,9999,5.1697536,-.88529313,9999,9999,52.666668,-.63226908,9999,9999,9999,19.402985,9999,9999,9999,.96588975,3.6565547,5.4251103,.013998544,9999,9999,9999,9999,9999,5.8648787,3.87305,9999,9999
-8.6931934,8.795455,9999,-6.7547941,1.2047156,-.42853019,9999,9999,6.5602803,9999,4.4844246,9999,11.136835,9999,9999,9999,9999,9999,7.2760577,-2.7116027,9999,9999,8.0336409,9.8690462,9999,9999,9999,11.875,9999,9999,9999,-5.7080092,1.8029789,6.9084692,4.8288217,9999,9999,9999,9999,9999,14.513096,3.9357846,9999,9999
13.563519,5.9536242,48.19376,-6.5778275,12.805456,.8239966,9999,9999,8.0927267,9999,6.5617266,9999,10.06808,9999,9999,9999,9999,9999,15.285665,18.218447,9999,9999,27.322964,14.980374,9999,9999,9999,11.173184,9999,9999,9999,33.328323,10.959959,9.9348898,7.2794275,9999,9999,9999,9999,9999,7.5249491,6.6766319,9999,9999
10.240567,9.8383284,11.911357,9.8634329,12.800639,5.2516003,9999,9999,19.400696,9999,14.216,9999,19.777176,9999,9999,9999,9999,9999,24.959791,38.068039,9999,9999,24.806177,43.515251,9999,9999,9999,16.080402,9999,9999,9999,28.59337,13.162156,20.581842,13.384278,9999,9999,9999,9999,9999,14.707276,16.347502,9999,9999
15.7281,10.195656,10.940594,24.447496,20.289951,8.7696028,9999,9999,32.898575,9999,43.175751,9999,38.576572,9999,9999,9999,9999,9999,35.12241,43.248798,9999,9999,21.040495,44.439369,9999,9999,9999,27.705627,9999,9999,9999,27.442881,21.933769,25.276199,13.301574,9999,9999,9999,9999,9999,16.560478,14.893617,9999,9999
33.846016,7.2813163,18.295404,14.761379,6.5215025,34.206116,9999,9999,20.063202,9999,80.375252,9999,31.190342,9999,9999,9999,9999,9999,37.258091,28.829084,9999,9999,21.309811,33.003075,9999,9999,9999,34.237289,9999,9999,9999,48.705051,28.181057,33.940575,15.872892,9999,9999,9999,9999,9999,24.760815,8.5604477,9999,9999
7.7079334,10.507136,9999,32.785316,8.7005615,14.226603,9999,9999,22.167778,9999,19.751902,9999,46.095467,9999,9999,9999,9999,9999,40.805019,26.970118,9999,9999,19.575573,12.874183,9999,9999,9999,65.909088,9999,9999,9999,43.825928,13.863458,9.7784004,10.099997,9999,9999,9999,9999,9999,15.297171,15.030576,9999,9999
11.737501,6.8287992,9999,12.454468,5.2398262,4.930819,9999,9999,12.451578,9999,22.814476,9999,50.100586,9999,9999,9999,9999,9999,21.927073,7.4112759,9999,9999,4.7808766,8.799818,9999,9999,9999,41.70472,9999,9999,9999,-7.643909,13.955893,3.3541873,3.1211081,9999,9999,9999,9999,9999,5.9972377,11.443761,9999,9999
-4.1454172,4.8102894,3.1109922,4.5336833,-7.9151106,.8591128,9999,9999,.81645644,9999,-8.6097841,5.0599203,-8.6931934,9999,9999,9999,9999,9999,-2.5163419,7.5753155,9999,9999,.34566194,2.7949288,9999,9999,9999,33.404942,9999,9999,9999,21.431215,-.78621107,-2.9481416,-2.7350252,9999,9999,9999,9999,9999,-3.3588572,-4.3183532,9999,9999
4.528409,2.8715179,8.6426163,32.806686,-3.6199329,2.9432235,9999,9999,-7.896359,9999,28.73896,.50697082,83.488998,9999,9999,9999,9999,9999,1.0902262,.094612092,9999,9999,-5.247951,-.28348577,9999,9999,9999,43.880836,9999,9999,9999,-7.1567612,10.962105,-5.6276011,0,9999,9999,9999,9999,9999,-8.6931934,3.6210968,9999,9999
3.788204,6.322319,9.1495457,11.12666,.9551754,3.6472912,9999,9999,-1.2559607,9999,11.841303,4.6658258,9999,9999,9999,9999,9999,9999,14.316283,2.9442539,9999,9999,.54678482,-8.6931934,9999,9999,9999,27.084499,9999,9999,9999,1.5954345,4.1109686,-4.456943,5.7268324,9999,9999,9999,9999,9999,-1.5955,8.1286402,9999,9999
1.4072045,.4712218,-1.5977238,9.9916058,3.3393002,.27924684,9999,9999,-8.6931934,9999,10.303499,3.0120482,9999,9999,9999,9999,9999,9999,12.570494,-.34320319,9999,9999,1.1007707,-6.5915365,9999,9999,9999,21.003963,9999,9999,9999,12.499192,-1.1872307,-2.1300268,.62014836,9999,9999,9999,9999,9999,-.12316803,5.6440282,9999,9999
-.34492889,3.0374093,7.0507116,11.679392,4.3273377,4.5239258,9999,9999,-4.5039387,9999,4.4267631,22.456141,9999,9999,9999,9999,9999,9999,7.3565936,2.8770094,9999,9999,-.97048402,-4.922976,9999,9999,9999,-.036390103,9999,9999,9999,1.9009557,.90779638,-.83754331,5.6878514,9999,9999,9999,9999,9999,-.062233008,8.6455336,9999,9999
3.7758055,5.0395579,26.682941,-8.6931934,3.8437424,-6.6437874,9999,9999,-8.1627369,9999,10.199183,18.815664,15.485455,9999,9999,9999,9999,9999,10.885417,-.41676509,9999,15.853659,.10834236,-5.3712378,9999,9999,9999,4.477612,9999,9999,9999,9.5303612,-.92608929,1.8073682,8.4941616,9999,9999,9999,9999,9999,1.4436039,3.9175677,9999,9999
5.6439195,2.8786628,18.963467,.52474058,6.8448396,-3.9694049,9999,9999,-1.8700553,9999,19.459654,14.710611,8.7907534,9999,9999,9999,9999,9999,2.4917746,6.3133392,9999,5.7894735,2.5252526,-5.7085533,9999,9999,9999,4.8083625,9999,9999,9999,7.0024791,6.3117599,2.2410824,6.3680825,9999,9999,9999,9999,9999,2.5841866,3.2790103,9999,9999
10.04608,3.5402668,15.123734,23.955999,3.4956141,19.288031,9999,9999,-2.9118323,9999,9.3425894,20.322355,4.2974892,9999,9999,9999,9999,9999,3.7478106,6.8655148,9999,6.9651742,1.8648839,-8.6931934,9999,9999,9999,13.031915,9999,9999,9999,12.758332,6.6822977,1.1382239,8.6698256,9999,9999,9999,9999,9999,4.1413236,4.2585549,9999,9999
-1.2851878,4.5815578,6.9965868,14.994738,-2.0952108,-3.0325434,9999,9999,2.5891895,9999,2.3865983,5.2999415,1.7176008,9999,9999,9999,9999,9999,1.280386,4.2340069,9999,6.0465117,.86355788,-.33668816,9999,9999,9999,21.235294,9999,9999,9999,10.799481,7.1271586,3.5607789,8.9307003,9999,9999,9999,9999,9999,.18073864,.65645516,9999,9999
.083997548,-4.908771,11.432888,-.82396799,-4.8180861,-8.6931934,9999,9999,4.5702848,9999,3.2499065,12.278761,-6.1481113,9999,9999,9999,9999,9999,.29442388,-3.486398,9999,4.6783624,6.678082,-.3107236,9999,9999,9999,8.491024,9999,9999,9999,-8.6931934,6.4478312,4.3857589,7.4324923,9999,9999,9999,9999,9999,5.0054979,-1.2862319,9999,9999
-8.6931934,-2.9901626,1.0947897,-4.5628352,-5.4888272,-8.6931934,9999,9999,-4.7345533,9999,-1.5846599,15.270936,-8.6931934,9999,9999,9999,9999,9999,-1.9413975,-.73568052,9999,-8.6931934,-4.0128412,-1.4598446,9999,9999,9999,-2.7504473,9999,9999,9999,8.3034592,-2.5261564,.75790817,3.1191499,9999,9999,9999,9999,9999,-2.9859629,-4.6797576,9999,9999
-.72954643,6.4759035,-8.6931934,4.2144613,-3.7746596,38.639603,9999,9999,-3.1632679,9999,-2.9703698,.85470086,-8.6931934,9999,9999,9999,9999,9999,-2.7426944,4.0338802,9999,10.979228,2.8428094,-5.1910524,9999,9999,9999,4.736721,9999,9999,9999,15.008281,.88270605,2.4326606,-.77333122,9999,9999,9999,9999,9999,10.692469,-8.6931934,9999,9999
-1.3678424,.29231495,-.33864543,7.1333842,1.2665218,14.938773,9999,9999,6.1799922,9999,5.213306,-5.0847459,2.0084102,9999,9999,9999,9999,9999,2.8231802,6.4319153,9999,22.459892,-3.0569105,-1.8519474,9999,9999,9999,.21953897,9999,9999,9999,8.3530588,2.148957,2.2784846,-4.6591091,9999,9999,9999,9999,9999,1.5116317,-8.6931934,9999,9999
.62491113,5.6130123,-7.9009738,-2.2401032,5.8732462,13.87649,9999,9999,3.238584,9999,5.0126038,-.89285713,8.1831045,9999,9999,9999,9999,9999,-1.5390514,5.306942,9999,17.248909,-2.5159342,-4.1963272,9999,9999,9999,14.479737,9999,9999,9999,13.264771,3.0973754,1.8755065,-2.0516052,9999,9999,9999,3.382678,9999,2.7862127,6.4065509,9999,9999
.79778087,1.0148669,29.642836,14.292946,7.9063153,11.254642,9999,9999,.66350734,9999,6.7279334,-4.9549551,11.806859,9999,9999,9999,9999,9999,.43980145,4.1314812,9999,11.731844,-7.467309,1.3924434,9999,9999,9999,7.8262534,9999,9999,9999,13.183346,3.8019276,3.256377,-6.0023432,9999,9999,9999,4.2956018,9999,6.0499907,11.702127,9999,9999
8.6066332,1.8330836,9.7620468,9.5370007,5.075285,7.1415224,9999,9999,3.2449479,9999,10.911194,2.8436019,7.6046596,9999,9999,9999,9999,9999,9.4727488,10.4639,9999,13.666667,4.0163631,.17253993,9999,9999,9999,3.5137534,9999,9999,9999,2.9641831,9999,4.9013853,7.1999264,9999,9999,9999,15.3741,9999,7.3217878,9.6048632,9999,9999
6.2729106,6.066638,-3.8542824,9.6875305,3.8345811,-3.0132596,9999,9999,1.7654306,9999,19.553883,8.7557602,8.3293943,9999,9999,9999,9999,9999,-6.8093944,18.795389,9999,1.9061583,26.456919,1.8765888,9999,9999,9999,-.25715756,9999,9999,9999,21.157837,9999,5.0405326,7.9953871,9999,9999,9999,10.431725,9999,3.0378134,4.1597338,9999,9999
-1.954543,4.5773497,-3.5578318,4.3422189,4.7063279,.74961978,9999,9999,4.0980802,9999,8.3692751,13.135593,21.709723,9999,9999,9999,9999,9999,9.6993113,24.938534,9999,11.510792,5.5696917,6.8686552,9999,9999,9999,2.5266414,9999,9999,9999,31.232794,9999,6.6411076,3.2988563,9999,9999,9999,12.307432,9999,-.78779256,.053248137,9999,9999
3.101243,1.0142779,6.2197471,20.613174,11.453801,15.376985,9999,9999,8.5248165,9999,7.5619354,15.730337,9999,9999,9999,9999,9999,9999,13.162654,38.043823,9999,11.483871,-4.4188538,1.8873014,9999,9999,9999,14.836547,9999,9999,9999,39.583061,9999,6.456872,1.2464758,9999,9999,9999,11.492463,9999,5.506072,7.060493,9999,9999
10.244548,8.1486063,28.516756,6.1240993,3.3012877,19.432505,9999,9999,7.414269,9999,19.860308,33.980583,9999,9999,9999,9999,9999,9999,21.942808,28.618763,9999,24.537037,17.203699,9.7187824,9999,9999,9999,10.131387,9999,9999,9999,32.658047,9999,-.075564742,3.5026875,9999,33,9999,21.973206,9999,9.0746269,9.9917154,9999,9999
83.488998,5.8920155,25.311043,6.5161915,11.228623,22.570202,9999,9999,16.454786,9999,13.319459,39.613525,9999,9999,9999,9999,9999,9999,35.457619,25.779589,9999,12.732342,22.208941,27.751251,9999,9999,9999,43.120361,9999,9999,9999,26.038944,9999,10.794616,4.345345,9999,26.31579,9999,27.756264,9999,16.902874,11.027418,9999,9999
17.164606,11.52627,38.047554,25.85704,13.126256,20.205578,9999,9999,13.930515,9999,22.956841,14.532872,9999,9999,9999,9999,9999,9999,33.94603,29.221939,9999,38.582027,9999,25.715536,9999,9999,9999,48.494953,9999,9999,9999,29.343594,7.722127,10.678257,7.6810689,9999,31.547619,9999,37.593601,9999,9.989171,12.252375,9999,9999
17.00474,30.690615,40.243553,20.287308,15.877682,25.629116,9999,9999,21.322485,9999,23.948219,30.664652,9999,9999,9999,9999,9999,9999,50.887596,31.740356,9999,52.230816,9999,20.078327,9999,9999,9999,20.856983,9999,9999,9999,47.533775,7.1268382,12.799872,8.0619068,9999,66.063347,9999,4.538372,9999,11.39397,24.25964,9999,9999
21.078196,23.127111,22.608467,48.717953,18.873491,16.005449,9999,9999,23.694145,9999,27.917252,28.901733,9999,9999,9999,9999,9999,9999,69.549553,67.815224,9999,24.228214,9999,18.078331,9999,9999,9999,23.316303,9999,9999,9999,55.285866,14.252331,10.919009,9.4922514,9999,79.29155,9999,19.596891,9999,11.535534,18.268482,9999,9999
17.200377,12.875343,17.818525,26.092335,13.318183,11.634539,9999,9999,10.685257,9999,23.009892,11.659193,9999,9999,9999,9999,9999,9999,40.430305,83.488998,9999,7.5495439,9999,5.6122732,9999,9999,9999,8.9725885,9999,9999,9999,-8.6931934,12.231549,9.8760071,7.927319,9999,58.206688,9999,-3.4063151,9999,7.826829,18.350058,9999,9999
22.539751,.013317795,9999,20.199972,14.993978,23.952532,9999,9999,-.32860911,9999,17.837769,24.176706,9999,9999,9999,9999,9999,9999,52.643608,-8.6931934,9999,-1.0236912,24.187624,-1.7897704,9999,9999,9999,10.507316,9999,9999,9999,83.488998,23.11825,6.9744549,6.6711745,9999,15.273775,9999,14.307675,9999,13.618375,9.5906591,9999,9999
21.954271,1.3981824,9999,8.2497787,3.9096327,10.709969,9999,9999,-4.995851,9999,29.137781,21.216042,9999,9999,9999,9999,9999,9999,46.928223,78.946083,9999,-3.0437353,8.7940845,9.9362106,9999,9999,9999,-5.4178977,9999,9999,9999,83.488998,15.722766,5.3793612,5.4666901,9999,-.58333331,9999,2.34548,9999,3.9734337,5.7517915,9999,9999
26.879959,5.646935,5.3830228,-2.9824605,7.5127311,14.664035,9999,9999,-2.4300883,9999,14.745848,29.348986,9999,9999,9999,9999,9999,9999,39.173264,67.194153,9999,16.671747,3.3148594,7.5974483,9999,9999,9999,-5.5041151,9999,9999,9999,40.589729,7.1190643,5.2881522,3.0762627,9999,13.49539,9999,9999,9999,2.8199742,3.4396574,9999,9999
29.58626,9.4782314,3.6018336,17.741928,5.3296771,21.597635,9999,19.512196,1.4417505,9999,21.995613,31.971947,23.076923,9999,9999,-5.0925875,9999,43.39624,23.59322,17.218491,9999,14.707419,3.0465586,2.3530016,12.888886,-7.0921955,9999,-6.8745627,9999,9999,-5.0223246,72.404297,10.379999,8.2299852,4.9409332,9999,7.4074087,9999,9999,9999,1.2577605,.91424614,11.819386,9999
19.473141,16.239462,-6.1314793,28.767124,5.3769526,19.880705,9999,8.1632595,2.4415045,9999,14.572473,-.31259769,12.5,9999,9999,5.3658481,9999,38.815788,15.002743,20.041552,9999,26.918697,-5.0191531,3.3661125,23.622042,13.740463,9999,3.7870564,9999,9999,20.446529,83.488998,14.826459,6.45013,2.5497839,9999,26.436781,9999,14.649691,9999,3.9302685,3.3127825,3.3848054,9999
22.269827,18.94994,7.8114476,15.730336,2.1365225,27.183445,9999,20.519264,2.3957946,9999,37.837978,18.375666,16.666666,9999,9999,-2.3148181,9999,31.799999,16.479847,32.000641,25.613358,5.8496323,-2.0682523,3.9793816,12.499999,-8.6931934,9999,14.639739,9999,9999,2.4390292,83.488998,17.430346,13.447844,3.8472745,71.212112,29.227272,9999,23.735407,9999,-.014088819,4.4399905,6.203331,9999
13.071368,-1.0675426,3.5602748,12.621358,6.7850089,37.727783,9999,19.110489,8.239748,9999,10.437851,13.562914,9.5238094,9999,9999,-2.3696625,30.268204,10.3,17.895168,31.379318,.15624075,5.6450248,8.8701162,10.489534,19.444445,2.0293083,9999,4.1479506,9999,9999,1.8095205,83.488998,14.555651,4.6020398,4.2953095,59.292038,2.8315158,9999,15.678349,9999,2.9293036,6.863018,18.009727,9999
24.29566,7.0139031,3.7394452,18.965523,1.2322576,42.687359,12.339582,15.519262,6.2718582,-2.6653547,11.468032,11.826452,8.695652,9999,9999,2.4271786,14.117649,11.95,15.335186,15.023272,-5.0701919,6.8035946,7.3326869,5.10395,13.95349,7.0423656,9999,5.2126155,9999,9999,6.8288121,83.488998,10.899143,10.035119,5.3597779,31.666668,16.264753,9999,27.533987,9999,4.97682,5.8399229,12.603128,9999
20.194147,8.5902653,1.6860465,21.014484,8.4818869,42.898678,17.750444,28.131302,-.41684949,1.0649117,15.056249,13.996662,12,9999,9999,7.5829463,46.907211,24.700001,10.525523,6.1088285,7.6417336,18.780048,7.8528829,5.9698792,10.204084,8.7605829,9999,10.85028,9999,9999,12.171636,83.488998,16.287209,6.5328879,6.0845938,27.004225,11.724034,9999,11.266741,9999,5.2934356,5.6653895,8.3842058,9999
18.094305,2.9642856,4.6883936,15.568861,6.996582,70.170326,13.432835,4.6511731,3.7783654,1.9066671,14.197697,12.881976,10.714286,9999,9999,11.45374,10.52632,20.4,13.065395,35.095837,22.595419,10.91576,10.012568,2.0388331,12.962963,12.541128,9999,5.581718,9999,9999,1.7174041,62.277401,16.365528,3.5460258,5.2669783,19.2691,14.127723,9999,24.05583,9999,-.7200532,5.9497995,15.771684,9999
21.410311,.88449532,3.8230474,19.689123,3.1833847,42.592583,22.171051,31.111113,7.0905423,12.284595,4.2458363,10.504133,11.427865,9999,9999,7.1146259,8.7301521,17.700001,11.350765,19.83576,-1.1207988,10.012545,-4.0365577,3.1137261,18.032784,10.463285,9999,6.7204814,9999,9999,5.6791983,34.455246,17.198013,5.9625797,5.7798324,19.777153,11.144438,9999,27.663799,9999,3.0480518,4.3207955,19.299393,9999
17.742962,6.7044868,-.10520779,30.303034,2.8550024,25.324684,17.609049,4.1367354,5.6199822,-.54812539,2.1377137,10.532493,16.080791,9999,9999,10.332103,40.146,20,9.8041334,19.559546,-3.2745569,5.3488131,3.6507936,5.7032189,9.7222223,7.8943272,9999,6.6126509,9999,9999,6.8990607,18.617781,14.535363,7.6596379,4.1122866,21.162798,9.0824108,9999,27.388973,9999,3.8099451,4.7857981,40.021748,9999
18.244112,2.3682938,5.6345444,20.930225,12.214022,43.523319,61.858974,18.703457,15.202703,.3086406,12.491738,6.1181154,13.608822,9999,9999,10.03344,54.687492,15.1,13.373411,15.955103,3.7109354,10.675982,13.935681,2.4976623,7.5949326,8.7366753,9999,9.2328043,9999,9999,-1.4266299,30.196625,14.590961,8.3221149,7.9503241,45.681385,6.1851802,9999,6.348341,9999,4.4122801,6.4712844,14.116504,9999
43.934074,5.0834122,3.1405783,39.835178,-1.0643705,64.620926,23.536062,14.687415,12.414467,4.2857141,16.764591,13.381691,16.137325,9999,9999,12.158061,18.181816,12.8,13.78651,19.967936,-6.7733831,9.3438835,4.233871,4.1694274,17.647064,10.260306,9999,8.9632092,9999,9999,8.9593391,26.877579,6.7121348,12.341449,8.5777397,16.732538,7.5902843,30.425377,16.7092,9999,5.6740155,6.7282195,.49345404,9999
35.128689,7.7130446,2.3682938,37.131622,4.3088183,30.48247,3.4806533,10.759888,5.405797,2.2128556,14.894331,16.920362,10.859312,9999,9999,5.4200516,37.321938,13.3,13.262033,20.591362,11.406633,5.8703961,4.5132174,3.6849658,14.999995,7.0076737,9999,9.5837545,9999,9999,-2.3402894,4.2596579,15.911447,1.8636328,11.527401,20.767494,13.676497,16.537149,9.3988981,9999,2.0758343,3.0069673,-8.6931934,9999
-.36000001,1.5155729,6.6100097,45.702,8.8080387,17.310919,7.7450809,23.235001,11.054585,11.629,14.554745,16.981133,14.776873,9999,9999,3.2119999,42.116177,21.429001,16.127073,22.039608,6.7690001,13.159,4.8735347,5.9509201,19.129999,24.025999,9999,1.1819372,9999,9.0190001,8.2253828,45.911999,16.826572,6.4871502,12.871587,41.121502,13.46,12.19,9.6899996,9999,3.1196532,6.739327,1.178,9999
10.108,7.4647307,7.1302037,63.126999,4.1864581,83.488998,-4.621079,19.344,8.8399162,6.6490002,6.9070983,18.548388,10.36913,9999,9999,9.6090002,83.488998,35.293999,17.569843,18.260893,6.1420002,13.188,6.647059,6.9641938,13.869,19.787001,9999,11.262164,9999,11.182,15.619389,25.311001,20.530367,9.6758976,11.186285,14.450867,11.889,10.095,9.29,9999,4.7320881,7.7761812,1.558,9999
33.115002,8.5521288,9.7974367,64.375999,12.14629,-8.6931934,.77519822,15.462,13.456944,19.292999,9.2859697,14.285714,9.8538027,9999,9999,10.584,9999,17.391001,14.524257,23.934072,9.552,16.684,9.7628241,6.0571041,16.025999,13.625,9999,14.935958,9999,20.687,9.1614971,7.2940001,15.444537,8.5516644,8.735487,30.808081,2.0599999,26.375,13.333,9999,7.610733,8.4267654,16.246,9999
41.379002,12.199131,7.8689761,78.511002,10.321704,44.518002,2.0299096,17.969999,12.016242,16.202,11.45288,9.5238094,9.3956585,9999,9999,9.4060001,9999,23.333,8.0536623,18.82789,4.6399999,16.822001,10.40201,8.050045,25.414,3.276,9999,15.651319,9999,8.401,14.366997,14.802,20.816044,7.5230298,7.4704552,26.640926,12.651,3.1830001,17.868,9999,7.7202511,7.8442993,16.237,9999
27.003,8.1728754,6.945899,73.665001,10.074077,22.471001,14.261787,14.913,9.3405218,6.434,10.501077,10.869565,10.561507,9999,9999,10.888,9999,16.216,16.312029,16.525513,27.533001,9.1450005,6.144743,9.088644,23.348,6.3930001,9999,15.217606,9999,11.75,6.2136436,52.611,18.777443,5.2724509,7.530097,15.853659,15.597,8.3529997,18.84,9999,9.480855,8.1002398,8.1499996,9999
31.549999,7.7547646,5.8093996,21.079,8.009366,76.348999,14.95601,14.639,12.745098,1.538,12.036135,10.784314,8.2760077,9999,9999,11.207,83.488998,17.054001,12.229278,17.531988,.73699999,9.0389996,5.9176674,8.7721605,13.929,15.423,9999,11.27949,9999,18.455999,8.8929996,61.658001,14.157422,8.0915918,6.4296155,20.526316,22.278,13.081,23.045,9999,6.5076008,6.5196514,-.033,9999
53.806,9.0107298,2.5909932,51.709999,17.378124,28.34,12.069508,19.917,9.6186113,5.954,8.150198,13.274336,11.954068,9999,9999,9.3620005,83.488998,26.49,13.208759,12.118522,2.325,11.932,10.890688,8.9621897,8.7770004,21.337999,9999,11.085697,9999,14.259,7.29,61.743999,15.379198,13.18797,7.1318727,23.362446,14.004,6.3730001,15.657,9999,12.337707,6.8383927,13.546,9999
28.068001,7.0335226,6.8250151,43.525002,12.738113,42.505001,5.6480417,16.245001,14.185976,3.0550001,11.9655,11.328125,11.771942,9999,9999,9.5209999,83.488998,21.466,11.343437,15.597586,24.052,12.523,14.822928,9.2520542,6.9159999,10.54,9999,13.316261,9999,15.711,13.579,72.374001,18.812551,11.34264,11.862582,12.212389,16.084,12.898,15.197,9999,8.5155134,8.2838278,9.5310001,9999
20.910999,9.5269346,1.2665353,31.438,9.5267534,38.207001,-1.3600956,21.648001,10.491783,5.7379999,13.121818,5.2631578,9.3611917,9999,9999,13.517,82.031242,15.661,11.595012,17.247196,22.384001,18.365,10.143085,11.397222,13.208,11.359,9999,17.323256,9999,5.9029999,11.714,60.985001,18.765245,4.808248,10.015671,19.873817,12.236,6.027,17.035,9999,5.1006384,6.1158061,10.868,9999
20.841,5.1158948,9.005003,28.735001,9.0712404,57.943001,-.68258864,15.367,3.1657903,5.4070001,13.025162,14.666667,9.0578175,9999,9999,12.033,39.564999,19.875999,14.108055,18.282213,12.793,16.767,11.027714,11.622153,36.667,12.573,9999,12.098653,9999,6.0089998,9.4169998,27.423,15.074767,5.539722,8.5364647,21.31579,12.931,9.1499996,21.896,9999,11.971544,3.930068,7.75,9999
8.6960001,8.7208309,9.4849567,37.882999,11.519333,83.488998,10.68041,10.648,9.5641174,3.0209999,13.780954,18.313953,13.453074,9999,9999,17.059999,42.679001,33.264,17.407209,20.45281,14.351,12.97,8.9703588,14.051677,8.1879997,15.751,9999,17.902962,9999,14.063,8.4329996,20.844,24.595781,9.9306984,10.365957,28.416487,16.504999,21.148001,28.131001,9999,16.339233,12.136958,16.728001,9999
83.488998,19.669527,13.972985,25,13.301712,83.488998,5.0422249,26.955999,15.048062,15.749,17.707773,18.918919,14.426656,9999,9999,15.394,44.323002,-8.6931934,22.721519,26.5462,22.743999,16.966,11.906466,11.199844,23.993999,13.976,9999,20.681234,9999,40.605,17.693001,33.814999,22.761959,11.770973,12.823277,31.587837,23.289,16.679001,26.027,9999,21.724409,12.417364,19.691999,9999
74.602997,21.420895,8.2345734,43.077,18.831907,83.488998,15.287308,31.511999,12.6,22.377001,15.543271,14.669421,10.120254,9999,9999,19.496,49.470001,22.657,19.129606,22.713644,32.130001,25.014,21.940298,11.717725,23.117001,23.513,9999,23.476374,9999,35.070999,22.704,36.416,24.109867,12.83548,7.5767899,29.525032,22.750999,20.181,28.422001,9999,22.254625,9.7168484,19.677999,9999
54.544998,7.0244703,8.4953747,35.484001,16.513815,83.488998,8.5016909,45.209,8.8999996,30.216999,18.3225,17.837837,2.9616547,9999,9999,12.225,47.266998,41.625999,15.862444,11.912632,52.453999,21.955999,20.055954,11.105976,33.650002,16.306,9999,10.579947,9999,43.549,16.659,24.037001,19.020247,8.9019051,6.0968442,24.727453,20.308001,28.186001,25.665001,9999,10.928694,5.8748097,35.622002,9999
83.488998,21.815323,14.390117,42.856998,16.278305,83.488998,8.9413919,34.797001,25.5,21.466,19.95817,15.749235,7.1313434,9999,9999,14.052,37.250999,37.101002,24.640486,13.095188,16.264,26.375,5.7092919,13.284066,15.785,13.799,9999,6.7413077,9999,81.886002,19.438,28.232,18.524103,12.675813,7.6835322,27.651966,15.805,22.247,28.01,9999,12.07372,9.4246778,53.289001,9999
83.488998,28.177286,8.5944633,38.889,15.535613,83.488998,6.3508606,40.632,11.4,25.976999,8.643095,12.285336,9.3486576,9999,9999,24.486,31.197001,40.698002,20.088242,15.105304,25.927999,54.227001,25.020666,16.434464,23.995001,28.052999,9999,29.002684,9999,66.528999,8.823,33.485001,21.497166,5.0852571,7.4953122,25.645813,20.481001,15.634,23.43,9999,11.90707,12.755967,23.327999,9999
83.488998,8.5374289,8.5446138,44.799999,13.362201,83.488998,2.6758091,35.198002,9.8000002,34.035,11.676474,14.588235,9.2606096,9999,9999,19.164,19.504,63.167,20.465981,11.377146,15.81,4.3839998,1.7081772,17.729359,23.584,28.544001,9999,23.134745,9999,53.862999,10.045,39.706001,19.240879,9.3886881,8.1393147,31.384691,19.472,13.437,33.799999,9999,14.874862,12.404997,25.635,9999
83.488998,12.53251,1.5948832,45.580002,14.003474,83.488998,3.6459999,26.667,6.6999998,27.028,14.977391,72.587273,10.440627,9999,9999,21.153,21.622,3.9089999,23.954327,11.747952,19.648001,35.016998,3.7057102,12.702785,61.077,24.246,9999,28.042217,9999,27.384001,16,34.971001,20.003107,18.01952,10.35719,30.825792,19.098,19.822001,36.530998,9999,15.162661,8.2713594,15.339,9999
83.488998,18.627714,1.569846,73.055,18.341772,83.488998,49.241001,24.900999,9.8999996,31.326,17.182423,14.396193,9.5662689,9999,9999,17.711,36.974998,57.731998,20.049124,11.855383,23.579,35.823002,7.4913802,12.795848,83.488998,12.441,9999,52.981739,9999,13.698,16.891001,24.584,21.045055,16.390507,8.8061266,9.1655855,14.428,16.167,61.724998,9999,14.48252,7.8159165,7.4949999,9999
83.488998,14.37133,2.5925393,61.403999,17.506437,62.529999,25.855,48.139,8.1000004,51.418999,14.579067,1.078778,6.5592475,9999,9999,15.898,48.995998,83.488998,12.702324,9.188405,25.34,38.209999,3.8297045,12.47781,83.488998,20.615,12.988,21.222754,9999,17.360001,22.851,26.895,16.635466,10.776054,4.2590914,21.79538,22.287001,18.539,74.043999,9999,17.262434,8.0366116,17.299999,9999
82.580002,11.144721,5.964221,83.488998,10.611681,23.742001,18.347,38.304001,10,30.898001,15.116914,11.43857,8.3501015,9999,9999,17.451,26.344,83.488998,10.727332,8.9233103,19.85,50.230999,5.2799101,12.937756,68.678001,17.421,25.565001,28.872438,9999,32.999001,17.205,25.025,16.418644,13.589362,4.1623554,19.336657,15.754,22.735001,83.488998,9999,14.044689,9.0396118,13.449,9999
83.488998,11.385254,5.4707808,83.488998,7.2695274,23.672001,14.562,25.534,11.7,31.152,13.174918,11.010942,7.335165,9999,9999,17.204,14.072,83.488998,19.737219,9.1964531,16.349001,54.363998,83.488998,10.593719,71.956001,18.487,39.477001,26.602678,9999,20.195999,13.509,27.011,15.19599,7.7298422,5.3367958,25.249773,23.329,19.874001,51.144001,9999,12.560953,9.0408878,8.5459995,9999
83.488998,14.224718,8.7644796,83.488998,5.7604055,14.895,19.733,29.111,25.4,22.625999,13.105399,10.890481,6.5556355,9999,2.283,16.886999,32.16,83.488998,11.713568,7.3560109,16.516001,63.505001,5.0507693,9.2701845,83.488998,52.990002,14.248,20.537973,9999,10.742,13.827,15.243,15.009267,6.9931316,6.9486508,26.294416,23.771999,16.392,29.712999,9999,13.234006,12.194856,23.601,9999
83.488998,13.868542,5.977972,83.488998,8.2171717,32.452999,32.648998,23.423,17.799999,18.848,15.425886,8.4593077,4.4383249,9999,5.1020002,17.983999,22.645,83.488998,11.490086,7.8069463,16.291,69.100998,5.7998295,13.675602,83.488998,17.948,17.676001,27.742159,9999,6.0229998,19.805,7.7049999,13.877411,7.20509,.48052457,19.906982,19.671,11.678,58.705002,9999,13.565152,8.0073328,18.256001,9999
83.488998,14.485906,7.7025833,83.488998,10.669106,52.726002,35.470001,23.429001,15.8,18.304001,17.191559,3.3943014,4.8416133,9999,10.916,16.882999,29.062,83.488998,10.250477,8.3797102,9.8149996,41.963001,9.0391932,15.885916,83.488998,12.454,22.093,24.104841,9999,1.142,14.621,15.623,12.018596,-.62638611,6.0556479,22.688311,11.465,14.4,55.182999,9999,14.749159,8.8923769,9.6590004,9999
83.488998,9.0961075,12.826812,83.488998,11.49873,24.905001,30.23,28.736612,8.3000002,20.951,7.7532315,3.5081639,8.384428,9999,8.7700005,17.927,19.476999,20.750999,8.648159,8.6546803,12.984,71.019997,7.0416083,8.3177738,53.978001,1.689,26.702,17.17474,9999,9.2189999,8.7939997,18.441,11.839479,10.59652,7.6521416,23.230944,13.624,4.9099998,66.088997,9999,15.752992,8.1462069,12.925,9999
83.488998,12.59163,10.401299,83.488998,8.7356873,31.530001,25.341,30.01601,4.5,20.959,12.458973,4.4188428,6.8484602,9999,9.6440001,16.318001,22.789,27.238001,8.0653381,10.385486,2.2060001,83.488998,4.0590105,9.7712326,83.488998,11.673,34.055,12.108412,9999,4.1139998,19.523001,19.054001,12.326769,4.1728168,11.093437,22.896145,19.431999,14.922,53.320999,9999,16.689043,6.5135322,18.58,9999
83.488998,16.722553,7.6594472,83.488998,12.953113,29.497,20.669001,14.69,3.5,21.548,22.130363,3.5943274,6.7457466,9999,2.1930001,18.291,24.319,22.250999,9.5139914,11.189878,8.5839996,-8.6931934,8.7037954,14.014942,83.488998,23.261,63.287998,12.836596,9999,6.4159999,27.016001,21.499001,12.777708,5.1816616,5.8163252,20.220608,17.962999,17.523001,65.064003,9999,17.182892,5.3764086,20.379999,9999
83.488998,19.923679,13.506837,83.488998,14.252927,31.367001,18.652,34.161785,6.3000002,17.497999,8.7843924,5.5230975,8.3910933,9999,16.533001,15.73,38.167,21.068001,12.089423,9.9025249,21.830999,83.488998,12.478894,5.336916,83.488998,30.240999,83.488998,9.961628,9999,.87300003,20.57,19.816,14.307835,10.012508,6.3207874,18.375921,26.177,15.47,69.037003,9999,18.080345,4.1811075,41.931,9999
83.488998,10.604628,5.6872854,83.488998,8.2294674,24.243999,28.867001,32.283394,6.4000001,28.73,4.6295729,.75734508,13.520598,9999,29.191,15.067,44.556999,19.423,10.122146,11.656949,-8.6931934,83.488998,7.3098316,6.8555841,83.488998,18.365257,83.488998,17.594351,9999,4.5819998,11.854,17.174,14.156189,11.331514,2.8129659,11.057588,25.518999,7.6490002,53.077999,9999,11.976947,5.4808717,64.879997,9999
83.488998,1.9788234,3.6337016,83.488998,4.6570153,26.974001,26.679001,32.841,3.9000001,19.339001,7.4301667,-2.2901537,12.833889,9999,29.386999,18.316999,17.525999,17.726,13.602368,3.637888,16.877001,49.208,5.486042,6.8033423,83.488998,15.677611,37.900002,20.847254,9999,14.554,17.111,21.886999,10.90691,3.979826,2.9309433,19.530052,19.396,5.803,82.93,9999,5.9835563,3.6791356,47.554001,9999
62.486,4.0027819,7.5641961,83.488998,3.3542709,26.08,30.799999,39.032001,-1.4,19.427999,-1.0093588,-1.0678123,9.2625246,8.4829998,41.291,16.862,19.622,26.468,9.1180038,.59359664,71.912003,23.573,6.1285434,9.2687683,83.488998,10.987354,55.673,21.598402,9999,2.0550001,2.8610001,14.942,4.7510524,3.1822784,2.518008,19.198395,15.514,8.3280001,78.140999,9999,3.4567668,1.8381197,17.742001,9999
46.480999,6.0946536,13.740605,83.488998,2.6933005,24.538,46.669998,39.009998,11.3,13.249,-3.0430641,-.70704049,10.214766,14.455,17.687,17.007999,20.056999,21.966,6.1681376,1.0695268,26.362,16.9,7.6214628,5.4919701,69.853882,24.803623,35.993,11.791118,83.488998,3.381,6.3099999,16.580999,9.261035,3.9847698,5.8152199,15.529436,18.990999,6.1360002,64.222,83.488998,4.4430628,1.0087309,25.548,13.177
17.639999,9.7700186,-5.3663878,83.488998,2.5730665,11.669,31.5,45.735001,-4.7033715,11.215,.69270414,4.1993041,9.749752,11.738,14.184,20.278,20.202,24.593,1.2210423,2.053421,11.508,20.108,.20211403,4.2885809,48.241879,27.216324,38.077,10.564127,83.488998,4.4729071,18.316,18.677,7.4500937,.3196913,4.2482462,15.181535,10.686,8.0679998,83.488998,83.488998,4.7307873,1.2854075,68.890999,9999
-2.806,9.009346,-.080947734,44.301998,4.4626174,24.348,29.461,28.233,3.3510442,9.8970003,10.043231,8.7525454,1.6577458,10.648,20.889999,11.011,27.524,21.674,5.5594425,3.0273273,18.525,31.856001,4.4079275,5.8918738,26.919827,25.910875,35.618999,8.089324,83.488998,4.7261448,16.031,15.593,10.620956,5.1828804,-1.6092429,9.526103,17.743,6.5700002,83.488998,83.488998,9.7887363,2.0286844,36.561001,9999
18.820999,8.5353146,11.007355,31.035,1.5713195,20.094,25.273001,21.028,10.020215,10.836,-1.075534,-.20059331,5.6751513,12.49,22.242001,18.736,27.080999,24.985001,1.0995831,3.2592356,18.485001,27.011,5.8415508,6.1952853,37.981091,16.507071,31.216999,7.5054851,30.503731,9.5880213,14.279,15.828,1.6258734,11.257745,6.7074032,9.1679363,10.62,13.349,83.488998,35.129002,9.4571934,4.941431,68.806999,25.795
25.535,6.4432015,7.5208893,17.243,-.73268986,24.466999,20.726999,23.881001,5.9776692,10.772,6.3089609,7.0060182,5.0792565,8.7180004,19.722,17.657,25.254999,14.954,-4.0198584,3.0617819,16.035999,56.849998,7.4273429,2.81073,17.810379,21.19772,29.056999,8.7793598,29.521086,6.6600857,17.813,14.144,.31517994,1.159739,3.3598847,8.0433893,19.551001,16.504999,83.488998,33.919998,11.767163,5.2829566,55.549,25.292
10.488,7.734971,14.041453,12.019,.67235541,13.294,14.904,11.358,4.1337605,10.776,.56190997,3.7481656,4.4266372,11.128,15.599,18.173,62.763,19.653,-3.2223434,6.4800277,.23,17.448999,18.088541,5.2156754,10.175046,8.567934,25.177,5.9918227,20.722958,2.0768237,13.653,27.025999,.33365309,2.4499471,.42286626,8.5484314,10.07,5.4419999,83.488998,24.045,8.9992056,7.1514554,7.3769999,23.809
4.086,9.2613125,6.1335797,18.115,5.6236138,12.985,14.666,11.897,3.6370788,5.664,6.3955178,5.1370034,3.8202124,8.3030005,15.673,17.149,12.233,15.539,5.4845176,1.6214366,12.099,18.747999,7.943399,6.7489977,13.196183,19.723091,19.589001,9.5995255,56.754284,7.5390825,10.907,27.377001,8.8726778,27.891106,.95622271,8.2830906,3.799,18.872,83.488998,40.580002,3.9601319,7.3967304,21.674,66.452003
1.531,4.9710274,-1.5410997,19.705,6.9534855,9.0930004,12.325,3.648,-4.6056676,11.581,-.21882586,5.9983563,-1.1144512,9.3280001,12.607,15.172,16.622999,8.0209999,2.8901858,2.1065652,10.048,-4.487,10.326585,10.242103,2.2159452,5.1643105,11.557,6.0224428,60.090405,5.695003,7.2150002,25.426001,8.3044329,5.3512516,-1.1342155,6.5007815,4.908,14.139,40.658001,44.544998,7.8990469,6.0510354,33.734001,35.418999
-8.6931934,13.854203,5.9565258,38.408001,5.8598528,82.587997,15.042,19.586,6.4906821,13.215,6.0052085,6.958179,6.2949505,-.27700001,16.351,14.321,11.871,8.6099997,6.0321741,2.7809098,11.636,18.844,10.929175,8.8687868,2.2964375,20.318605,14.613,7.0469413,39.511795,5.9078112,20.190001,83.488998,13.87667,.050122242,5.5419426,4.338253,16.377001,18.367001,83.488998,44.748001,6.4074178,8.6233768,10.735,27.336
19.709,6.9879823,7.837501,6.1440001,5.5684309,6.079,13.14,4.6079998,6.0516481,12.63,5.503386,8.1107569,1.3811384,.55000001,13.821,16.761,4.7579999,11.045,8.1304016,3.3039076,4.4840002,5.072,5.6996074,7.6780581,5.9032941,10.484256,-1.997,-1.4460804,32.297447,14.89959,18.285999,14,7.4370713,8.3788929,4.2287831,2.5782182,1.306,3.108,27.885,42.341999,6.7925777,7.4484167,14.64,13.275
29.635,11.881336,6.9254184,18.584,6.1673908,-.51200002,19.24,10.525,7.0164795,21.280001,4.879282,4.5596938,3.3301225,6.277,10.952,13.034,7.9380002,-.067000002,6.7335887,1.8114712,8.6269999,9.3430004,9.3090448,4.3226581,.99462152,3.3633673,5.369,3.3619337,50.493484,8.2164307,13.351,2.9809999,9.4071503,3.5986559,7.3438387,5.7245083,6.2459998,4.7399998,14.437,46.377998,6.5058846,6.9636836,62.404999,33.051998
21.427,9.0823536,9.4306049,13.567,6.4261518,9.5530005,14.887,19.289,12.776656,16.239,4.6332951,6.9750261,.89892131,8.2250004,11.537,16.732,9.1440001,7.2309999,8.1074505,1.2720171,12.687,13.046,5.9869747,8.6565046,8.311307,3.6451983,3.7880001,5.0944767,35.732555,21.103025,13.153,6.3080001,8.4538841,4.0292306,1.7246925,7.2278624,5.7930002,8.1549997,20.792,31.857,7.2528424,4.7613077,49.951,31.049999
21.514,8.2964935,7.1544714,18.351999,6.0025949,11.192,16.742001,17.632999,14.791845,11.489,7.0023594,8.4013796,5.0155087,5.1329999,14.7,15.6,16.334999,10.032,9.2113981,1.8108861,8.7930002,9.9680004,10.887424,9.9929781,18.463486,15.986118,15.043,6.2051954,38.559658,9.9067001,20.697001,6.9889998,11.572635,12.700305,4.9103308,6.6258144,6.0960002,11.17,35.966999,54.386002,9.8322449,4.267055,47.439999,30.907
20.263,13.009649,4.9772382,16.757999,9.2924862,19.186001,22.115999,17.950001,11.055855,15.002,5.4442983,8.1511078,4.9519262,14.386,13.803,21.632999,14.943,6.9450002,7.4708433,1.0086107,13.631,6.6929998,14.468461,11.531047,9.1128273,21.667286,15.964,3.628866,49.119503,20.171808,22.622999,12.513,12.937157,14.971061,2.6449387,5.1583943,8.1549997,11.767,22.174,34.52,10.020412,5.2296753,72.736,29.671
24.466,22.681185,8.9621277,22.02,6.8789163,18.754999,16.736,17.392,13.658723,19.114,15.699933,13.657756,10.729897,15.241,11.012,22.271999,19.325001,-8.6931934,6.0776825,1.5738329,7.9229999,10.148,4.9979548,16.282793,23.645569,14.799087,13.389,7.9055576,43.929333,23.84276,23.931,10.82,14.83072,18.548964,2.2292607,.83814824,6.2529998,13.375,15.226,51.747002,10.628294,6.1132951,33.894001,49.105999
8.0649996,16.369986,4.828867,17.882,13.867847,.237,17.778,18.482,7.9475441,10.483,13.256194,8.0994692,9.4197807,2.881,8.71,20.495001,14.923,12.519,7.4838696,2.083226,10.535,8.8990002,4.3097811,9.3036251,25.455244,6.0699601,18.625999,8.1900816,.8895424,19.243362,14.738,11.956,10.108667,3.5897584,2.1598225,7.1053634,9.165,13.331,24.823999,30.183001,3.739876,6.7598042,28.801001,20.698
17,3.989428,5.3657303,15.695,9.2024956,-4.698,28.423,8.0559998,-3.6801877,9.4729996,.54104072,-.30314523,-1.7593279,6.1459999,3.648,17.996,12.952,5.789,8.912694,2.7036932,7.7399998,11.524,1.7379084,3.5553982,5.2479262,9.041585,8.1049995,-5.5793428,17.294994,6.6748848,1.761,9.8859997,-1.5031068,-1.3260801,6.3885841,5.8268242,6.7639999,12.854,12.659,-5.5120001,1.414605,8.0349321,23.332001,26.233
33.778,10.231474,-3.2668748,13.719,5.4806905,7.7140002,18.948,11.458,-4.6664596,12.419,6.5270472,7.5827632,-.0050304341,6.9089999,4.2670002,17.802,15.402,3.1329999,-.12188929,2.7696118,7.348,12.764,3.4512346,3.1546214,22.603884,10.123198,8.8050003,.62446958,30.608013,9.5825539,6.934,5.9790001,-5.0035977,2.4448309,7.0175695,5.5685906,10.943,11.754,18.547001,22.691,2.4967542,2.5071464,23.546,29.715
25.701,7.8971314,-4.2960019,16.577999,6.4304709,22.877001,17.323,18.924,-3.0907509,6.665,5.3548446,3.9643121,5.9110575,11.864,6.6669998,16.138,16.43,11.556,1.166787,2.7427785,14.628,9.9790001,3.6406362,6.7608294,11.889275,7.0233612,12.486,-1.9121349,20.7124,16.863651,8.3409996,5.4759998,-4.7056971,6.9179425,7.234901,5.0078893,15.121,9.5810003,15.204,14.659,1.397912,7.2970877,49.205002,11.942
34.902,7.0092082,11.546445,13.207,5.4938364,10.301,14.392,16.072001,7.5370708,12.347,2.9036684,5.7088885,7.1391249,9.3400002,-4.6370001,11.046,14.955,6.3010001,6.3340621,2.5135033,8.8459997,10.084,2.6423657,4.1996021,14.310692,9.7450676,4.5279999,-8.6931934,12.314894,13.216991,5.1719999,4.8060002,.86011153,3.1205397,9.8372803,3.5842769,10.375,8.066,10.422,12.791,5.2188921,8.5846491,53.290001,24.545
27.025999,6.8902841,.93044895,10.138,6.8994451,11.743,13.589,13.735,.47913826,18.891001,2.5403743,2.8053827,2.6068451,10.484,7.809,14.832,12.78,8.5270004,3.1119022,3.6085641,7.3969998,8.2799997,-.68454432,4.5150614,17.535397,34.149757,6.2389998,1.3047609,14.935956,11.000392,5.9169998,4.6389999,-5.2267294,3.1258235,7.6608162,5.8625011,7.3210001,6.2420001,21.153,17.563,3.7356713,6.7371345,58.842999,21.399
29.846001,7.1340432,7.0984097,12.912,4.7624698,8.743,11.012,9.191,6.2183375,15.766,3.0571461,3.790482,4.8738332,8.5139999,2.4949999,10.587,11.88,11.825,3.6469727,3.3983874,6.3039999,12.193,.22539292,5.9926233,5.308949,11.18428,8.184,.34734523,1.8396155,14.375739,7.2789998,8.1440001,3.9656291,4.1005216,3.2927728,6.1295576,4.6479998,7.947,11.183,5.2509999,4.3628678,6.1742854,9999,19.74
39.450001,5.9031157,9.7912636,11.559,6.0366454,9.1520004,13.343,11.421,6.4511423,18.605,10.012081,4.6058936,9.2534609,6.7670002,5.6820002,10.618,8.9969997,4.2160001,4.2103848,3.6858976,3.0439999,12.189,10.677579,-.085408717,13.062034,9.7147608,9.0620003,4.1287928,11.700102,2.4418676,10.324,8.191,5.8814197,7.6463361,1.6362793,5.8049703,4.4359999,5.4130001,16.514999,3.902,3.8259995,5.7651792,9999,14.908
41.584,6.6685266,3.0380242,11.391,8.6250763,4.902,11.333,7.1869998,5.55089,39.508999,1.4933829,5.2756381,5.6716194,6.5339999,7.2379999,6.8010001,10.028,5.757,4.7514429,3.2721157,2.8010001,12.335,2.3006339,3.1826785,1.8307083,13.825681,9.566,9.7571354,9.664794,3.2895656,6.079,7.1230001,6.1256557,7.5374098,2.9454975,3.5723772,4.2220001,8.04,17.649,10.929,7.1907125,6.7812371,9999,17.879999
30.118999,4.4774117,3.3479171,4.1900001,5.8491788,.55599999,8.1099997,6.79,5.180491,20.450001,5.8201642,8.8792868,4.3323102,12.798,7.7870002,10.431,8.276,5.2059999,4.3300524,3.9614089,4.645,11.225,1.1809077,6.3691397,8.1897459,11.896677,4.6539998,8.6686573,10.837366,-1.0674452,6.4260001,5.105,1.3757298,8.1590595,3.6320512,3.6093161,5.013,11.964,16.351999,9.6269999,4.8567462,5.6938481,9999,14.256
47.613998,-8.6931934,4.4358549,7.1040001,5.2151766,4.1789999,6.9910002,5.1069999,3.176616,13.302,1.7910175,5.5820198,4.5355043,3.905,11.816,10.52,6.29,4.2069998,2.7429891,2.9236727,7.6880002,4.5289998,-.55495709,5.8110914,5.6200395,8.7022934,9.165,8.5275917,11.296508,1.9600432,5.5999999,6.7189999,3.9973593,5.8683624,3.1829863,2.6735721,4.6680002,7.1139998,18.379999,5.6890001,2.7369463,3.8555057,83.488998,12.698
25.884001,2.3912628,3.7363412,8.1359997,7.7005329,12.16,8.882,8.8520002,5.015388,13.279,3.8107669,7.4760814,4.6004844,4.8119998,8.1499996,10.51,6.54,7.5159998,5.5032978,2.3718061,2.675,4.6999998,5.0229588,4.3988433,9.3843718,10.908155,8.2639999,7.5116653,9.7858582,7.4314127,6.1100001,7.8969998,3.7550626,7.8693204,.77829534,4.5076823,3.6370001,10.948,27.023001,12.576,3.8511624,5.1004052,83.488998,13.621
66.331001,12.703663,8.7665644,17.024,17.813459,14.066,10.014,12.708,10.022482,19.705999,14.433898,15.942783,8.1769266,6.0359998,21.09,12.479,12.534,22.084,10.950028,6.4748659,4.5929999,13.44,9.5882826,9.7057428,32.241772,10.231733,16.429001,11.709047,13.56793,9.6217909,9.427,9.8240004,10.148842,17.777079,6.4684086,9.3128519,10.16,10.312,34.243,28.624001,13.849418,19.148071,83.488998,13.633
51.282001,6.6999998,14.735539,12.259,20.65633,19.285,9.0760002,11.96,-1.0470001,18.334,11.715428,18.783903,15.982269,3.197,18.499001,11.297,13.966,15.499,24.210896,2.9449999,5.559,9.5080004,14.503047,10.502,.43992487,8.7426758,8.9139996,50.411045,12.861807,4.994607,5.71,12.934,31.837219,10.448,4.1747103,7.3407478,4.8049998,8.6829996,52.518002,11.965,9.7329998,16.857,83.488998,9.6759996
83.488998,7.8410001,18.224405,12.75,4.3388872,3.7920001,11.663,10.414,9.8249998,27.136999,9.6354237,-4.7208543,.83324301,3.27,8.4580002,6.8054113,8.3549995,5.803,-8.6931934,2.2690001,3.997,7.3239999,-2.0696864,5.5469999,-1.0976503,7.6581235,5.2470002,-8.6931934,24.316717,6.0871797,8.6379995,4,-8.6931934,2.8710001,.35106313,6.7984896,3.8759999,9.1339998,60.339001,20.771999,8.6079998,-.84299999,83.488998,5.6789999
83.488998,3.9330001,-7.1209373,14.691,-5.4597702,2.612,9.849,6.0809999,4.8140001,19.923,-8.6931934,-8.6931934,-8.6931934,3.872,3.618,11.61786,3.5,4.6409998,-8.6931934,2.1589999,5.8309999,11.018,-8.6931934,.433,1.1485854,6.3820052,8.5360003,-.93874896,19.405933,9.5515203,7.5939999,3.8929999,.90774333,-1.2819999,-1.36037,5.7063622,1.95,8.9540005,69.935997,23.007999,-2.6300001,1.776,83.488998,12.455422
