9999,9999,9999,9999,9999,9999,9999,9999,9999,9999,9999,9999,9999,9999,9999,9999,9999,9999,9999,9999,9999,9999,9999,9999,9999,9999,9999,9999,9999,9999,9999,9999,9999,9999,9999,9999,9999,9999,9999,9999,9999,9999,9999,9999
0,-.10114034,-2.1937926,-19.706533,0,5.387207,4.1666594,0,-.53362125,9999,-.35197487,0,-.23809347,9999,9999,-.40587378,9999,9999,-2.1937854,-.25316,9999,2.4271803,-.2440805,-.53475887,-.69687074,9999,9999,-10.412315,0,9999,0,0,6.7339211,0,-.47861913,0,11.57901,9999,-.15391923,9999,-.13306879,0,0,9999
.089552663,.045110855,-2.9906471,-17.307695,0,4.4728403,14.285721,0,.14996208,9999,.20679171,-.38759479,0,9999,9999,-.54984021,9999,9999,-2.9906502,-.62892646,9999,13.270144,.38818949,.26881695,3.558902,9999,9999,-2.4201653,0,9999,0,-1.1292275,-1.7958578,0,.17565751,-1.1292275,-1.376264,9999,.016419429,9999,.025863707,0,0,9999
.089460991,.059027448,-1.156068,-2.3255825,0,-8.2568798,-1.5625015,0,.22311084,9999,.10663377,.19455147,.23866169,9999,9999,-1.5448203,9999,9999,-1.15607,.3787775,9999,-.41841322,-.14295682,0,-.38722387,9999,9999,-2.8468492,0,9999,.19479269,.6313045,-.27165937,0,-.15125595,.6313045,-6.4023981,9999,.18096071,9999,.16591102,0,0,9999
-.089381032,-.21112548,0,-2.3809536,0,.666664,-3.030304,0,-.18745348,9999,-.29432765,.19417369,-.23809347,9999,9999,2.0843689,9999,9999,0,1.1494285,9999,-16.386553,-.29559159,0,-.82604259,9999,9999,-11.517524,0,9999,-.19441397,1.4084527,1.8979003,0,.053482115,1.4084527,-3.6041577,9999,-.092450999,9999,.081362613,0,0,9999
.089460991,.058420248,-.38986698,-2.4390256,0,5.6291437,-9.5890388,0,.028870061,9999,.17650199,-.19379739,.23866169,9999,9999,-.62774664,9999,9999,-.38986084,-1.1363668,9999,1.5075375,.26327971,0,.83292294,9999,9999,-4.296165,0,9999,0,-1.3888909,-4.9436803,0,-.021705428,-1.3888909,-8.7678728,9999,.049328476,9999,.044782691,0,0,9999
-.25965148,.015666852,.97847044,-19.706533,0,9.7178688,-8.750001,0,.53342783,9999,.75786382,.19417369,.23809347,9999,9999,-1.0648017,9999,9999,.9784711,.25317049,9999,-1.4851483,.45884776,.53619254,.38872913,9999,9999,1.497183,0,9999,.41393083,.25317049,-13.513704,0,.23921666,.25317049,-12.307836,9999,.29686478,9999,.29825088,0,0,9999
2.6331534,-.71742368,.19380017,0,0,11.999998,1.2658215,0,.15053745,9999,.36451128,-.19379739,0,9999,9999,.61547196,9999,9999,.19380146,-.12641862,9999,1.0050211,-.35167226,2.6666641,.62923741,9999,9999,11.78281,0,9999,-.21823481,-.12641862,-1.3173349,0,-.014741994,-.12641862,-5.2596593,9999,-.14616217,9999,-.14650255,0,0,9999
-2.3992634,.68778282,-1.1605402,3.2258079,0,31.122448,21.538465,0,-.54161119,9999,-.88745725,.19417369,-.47505584,9999,9999,.86359471,9999,9999,-1.1605421,.12657864,9999,0,-.21186209,-2.0779202,1.6835017,9999,9999,6.4077368,0,9999,-.19441397,.12657864,1.0327061,0,-.39518961,.12657864,-.14980701,9999,-.15825011,9999,-.15788764,0,0,9999
0,-.30083027,.39139289,3.1250014,0,-10.700389,3.174603,0,-.17307591,9999,-.18532105,-.19379739,0,9999,9999,-.83349848,9999,9999,.39138669,-.25253117,9999,0,-.063319974,-.53050345,-1.8448503,9999,9999,-7.0899439,0,9999,0,-.25253117,-4.5167961,0,-.038828176,-.25253117,.20357239,9999,-.14980535,9999,-.14646372,0,3.8461552,9999
.8563289,.097891361,.77972221,-9.0909128,0,.65358961,-4.5454569,0,.18815355,9999,.037022445,.38834739,.23866169,9999,9999,1.177356,9999,9999,.77973044,.12643182,9999,0,.078895658,0,-.62650824,9999,9999,-3.7965095,0,9999,.19479269,.12643182,-.011911173,0,.49727672,.12643182,.014403683,9999,.20357825,9999,.18371126,0,-2.4074056,9999
.029574772,.16811143,.19342531,3.3333349,0,1.2987012,1.5384643,0,-.010101036,9999,-.46655253,.19342254,0,9999,9999,-1.2347642,9999,9999,.19341788,.25347552,9999,0,.1066421,0,-.4364652,9999,9999,-.94711721,0,9999,0,0,.54966038,0,.092202507,0,-.071936704,9999,.01439645,9999,.030158924,0,.94876689,9999
-.080239199,-.11845294,.57914406,0,0,5.3418813,-12.162162,0,.094445296,9999,-.069463052,-.19304915,0,9999,9999,.41236934,9999,9999,.57915092,-.25283465,9999,3.4825904,-.13030133,0,1.8996549,9999,9999,1.8525898,0,9999,-.19441397,0,-1.0745435,0,.013455788,0,.043182384,9999,-.071927667,9999,-.06953083,0,.56390738,9999
-.046486758,-.076124005,.76776111,0,.010001659,3.8539565,1.3698623,0,.14915782,9999,-.041664056,.19342254,0,9999,9999,-.3585254,9999,9999,.76775759,.12657864,9999,0,.42186469,0,.19121099,9999,9999,5.2415447,0,9999,0,.12657864,.46968934,0,-.0068416269,.12657864,-.12115999,9999,.043169964,9999,.041358881,0,-1.4953251,9999
-.076111905,-1.0099318,-.38095573,6.4516158,-.089994013,12.109377,8.9552183,0,1.5011393,9999,1.5369424,-.57914746,1.9047577,9999,9999,-.27150127,9999,9999,-.38094971,.25380254,9999,58.653847,-1.2156416,1.3333321,9.4465675,9999,9999,6.5787005,9999,9999,-1.2174325,.25380254,-4.9137402,0,-1.2694746,.25380254,2.3025191,9999,-.12115993,9999,-1.3283511,0,1.707779,9999
1.1933014,4.2960258,15.869984,21.212112,.47038278,5.7491322,8.0645208,0,2.9681561,9999,23.932106,13.398056,13.55141,9999,9999,-.19680011,9999,9999,15.869977,.76726502,9999,78.861542,.30054718,2.8947403,5.056664,9999,9999,23.714029,9999,9999,3.5740676,.76726502,-1.0603606,3.5388732,3.7872651,.76726502,-.20964585,9999,2.3025281,9999,3.6403883,0,-1.8656722,9999
-1.4928521,-.31648666,8.4158363,5.0000024,-.20919514,-11.532128,-19.706533,0,-8.1276608,9999,5.2217364,.85615975,13.580241,9999,9999,.93992305,9999,9999,8.4158382,-2.3720312,9999,78.861542,-3.1624634,-10.230182,-15.643153,9999,9999,4.2424273,9999,9999,-.21418381,-2.2499981,-4.0770717,-10.512685,-2.0122414,-2.2499981,.2100863,9999,-.20965207,9999,-.20214035,0,-2.2813721,9999
-3.2898979,-.33059028,12.785392,-7.1428537,0,-19.706533,-19.706533,0,-6.2992134,9999,1.1960633,-2.2071292,19.202902,-19.706533,9999,-9.4972944,9999,9999,12.785388,-1.1111124,9999,-19.706533,-.37633002,-5.4131069,-4.4761486,9999,9999,9.8566761,9999,9999,.21464354,-.99009871,-11.503928,-11.516204,-8.6490927,-.99009871,0,9999,.21009253,9999,.038605258,0,-.38910124,9999
-1.6767551,-.016715622,5.9379172,0,1.4074742,58.968063,-18.253965,0,.44488695,9999,10.469476,-3.2986145,-8.6626139,-18.399126,9999,-2.118938,9999,9999,5.9379292,-1.6990312,9999,-5.2355995,-10.782791,-1.2048181,2.2142148,9999,9999,3.3969262,9999,9999,0,-1.7031618,-6.2017837,-1.0137389,-8.1657476,-1.7031618,-6.849802,9999,0,9999,-.017626908,0,-13.671879,9999
2.7008915,7.7601256,11.59236,-5.1282072,1.9490056,-19.474495,-9.3525162,0,29.699797,9999,72.681244,55.475773,78.861542,9999,9999,-19.273743,9999,9999,11.592353,1.2285004,9999,9.9447498,20.177839,25.304884,10.226704,9999,9999,14.974405,9999,9999,7.4488358,1.4814807,21.436434,29.335978,20.290911,1.4814807,2.4582899,9999,7.4492016,9999,8.0627251,0,14.705888,9999
10.458592,22.309187,54.681499,21.621624,8.5932207,9.9808016,12.096771,0,48.03643,9999,78.861542,62.586597,78.861542,9999,9999,69.254242,9999,9999,78.861542,3.430757,9999,1.0050211,13.736538,50.85157,14.853749,9999,9999,78.861542,9999,9999,21.018829,2.0151129,25.634434,24.623249,12.304714,2.0151129,-4.9350691,9999,21.03826,9999,20.828268,0,8.4812622,9999
23.686592,-5.3014102,-.88485605,66.666656,-.73796988,54.275749,63.15789,0,-14.411122,9999,78.861542,-4.19034,65.826187,9999,0,-2.0013437,9999,9999,11.5894,2.3406932,9999,1.4925371,2.2922878,9.8387117,14.365296,9999,9999,78.861542,9999,9999,-4.9231319,3.3854125,16.488861,-10.616932,-2.5979931,3.3854125,-13.025011,9999,-4.9350724,9999,-5.1261921,0,9.454545,9999
-11.724467,-14.552509,-3.0848413,0,-9.0469322,-4.8642535,-8.4337311,0,-13.880363,9999,-1.1803832,-8.5989609,78.861542,-6.1539316,0,-10.438913,9999,9999,-10.1738,.13020854,-13.65629,.49019983,-12.597575,-15.565345,-14.509395,9999,9999,48.195309,9999,9999,-13.089512,.26109695,-12.825106,-12.359551,-8.9754267,.26109695,10.344835,9999,-13.092549,9999,-13.113087,0,-11.295682,9999
4.6855354,-3.7499931,47.210712,29.33334,.41362828,-2.3781283,3.7499962,0,14.169522,9999,-19.08852,34.468773,78.861542,5.3206372,0,-1.1493167,9999,9999,2.6899431,-1.5384521,-5.0926609,.48780859,-1.5437424,5.0434775,2.279206,9999,9999,50.836037,9999,9999,-3.2779651,-2.0460343,7.5485039,-1.4652013,5.5650816,-2.0460343,3.2662079,9999,-3.2751033,9999,-3.163101,0,-.37452814,9999
.61283833,1.5224038,12.38623,-6.1855698,-.67674303,13.154699,-1.2345695,0,9.7040091,9999,6.9772849,16.525942,78.861542,.8199296,0,-12.138406,9999,9999,5.6985354,12.391923,4.3815536,.48542926,2.3304067,19.205296,-2.5865502,9999,9999,27.689978,9999,9999,3.6180444,16.369049,8.036417,.10621212,-.8939696,16.369049,-9.0259228,9999,3.6199007,9999,3.5713439,0,1.1278148,9999
-14.909487,-6.2961249,-2.4003811,-10.98901,-1.2343171,-7.9655547,-3.5714278,0,-19.408998,9999,-.56362718,9.8861284,0,-7.1672187,0,-3.6911633,9999,9999,9.0869522,5.7926869,-8.7284098,-1.9323595,-4.8565216,-19.706533,8.6601295,9999,9999,-19.706533,0,9999,-8.486187,3.0674901,-7.0925336,-1.1936359,-5.7110538,3.0674901,-.15613641,9999,-8.4886122,9999,-8.5803308,0,-2.9739738,9999
-.73996598,-.45766437,45.714458,-14.814815,-.039992679,-4.6783652,10.526316,0,-19.706533,9999,.08258763,48.092323,0,5.9854207,-.57579714,1.6488377,9999,9999,2.5109601,-11.111114,-.20777279,1.9704354,.15662989,-19.706533,6.6541343,9999,9999,-3.3588293,0,9999,-.62786388,-13.066666,-3.024543,.29530621,.071504377,-13.066666,-.53251272,9999,-.61728466,9999,-.61897874,0,.95785469,9999
-4.3108368,.42751566,17.323704,21.739128,.020001357,1.4723924,10.14493,0,-2.0299096,9999,.024767024,-18.956749,.23809373,8.3724432,.74007362,-1.8780168,9999,9999,-19.706533,-2.5099022,.39952654,2.4154661,-.020056374,-15.04425,-8.4596415,9999,9999,-.054341312,0,9999,0,-1.0554156,-13.235143,-.18736535,.26458621,-1.0554156,-.39778861,9999,0,9999,-.056359332,0,-.56926399,9999
-.12278643,.19382304,-.089062952,1.1904733,.090003014,-.60459387,-2.816901,0,-.099896088,9999,.16007945,.078497313,-.47505638,-1.7271972,-.04998425,.74207467,9999,9999,-3.5007563,2.0215547,-.42035273,-1.8867958,-.29277223,-2.3437479,-3.6195581,9999,9999,4.0047188,-19.706533,9999,-.19441397,1.8817265,2.7662537,.053629793,.011563641,1.8817265,2.2830067,9999,-.20533781,9999,-.10402476,0,-.57251668,9999
1.3692826,5.1649356,.11281942,0,.66938949,.36496061,10.937498,0,.20489173,9999,.080402881,.11764882,.23866197,6.1589317,.039997388,.29172218,9999,9999,.36803463,0,.48404324,3.3653879,.15284963,0,-.11985795,9999,9999,.27517965,0,9999,.073050886,.8130036,13.308939,.080407962,-.10207705,.8130036,0,9999,.20576032,9999,.18880421,0,0,9999
14.519907,21.560522,-.28659457,9.0196114,-.59546673,.1212074,39.130432,0,-.28736955,9999,-.055157296,-.19585414,-.23809373,39.328339,0,1.1962366,9999,9999,0,-5.7179084,.089622311,5.1162744,-.15662564,-.26666641,37.439999,9999,9999,.042291872,0,9999,0,-6.5671344,26.274214,-.26780906,-.53018475,-6.5671344,2.9795072,9999,0,9999,-.10685354,0,3.8387728,9999
26.168562,4.0760527,.17161095,54.226624,3.6441669,14.406783,35.294117,0,8.132987,9999,7.4831491,.11774117,.47732395,39.14146,0,41.678646,9999,9999,.36668509,17.287624,6.7099438,17.256636,-.012067839,8.2887745,3.9289875,9999,9999,17.016846,0,9999,0,1.0149162,21.812967,6.3372736,-.096912712,1.0149162,18.103102,9999,7.0484619,9999,8.9682503,0,13.308681,9999
12.486251,29.807718,.10724975,-1.5160381,9.3536291,78.861542,0,0,32.225555,9999,49.438793,-.19599812,0,3.7079396,.22923,2.300154,9999,9999,1.6179557,47.14912,29.81959,19.245289,-.16092746,37.777771,62.811539,9999,9999,32.438519,0,9999,0,73.794449,18.648609,36.717171,-.02134222,73.794449,-7.3286495,9999,29.34473,9999,27.570217,0,9.2985373,9999
-16.802183,-17.248589,-19.706533,-9.7098837,-4.2107172,-5.7617755,29.046955,0,.92520308,9999,-16.457008,-19.206598,-19.239904,-19.706533,-19.706533,-19.706533,9999,9999,-19.706533,10.679611,-17.944576,10.759494,-19.706533,-13.620068,-19.706533,9999,9999,-15.822162,0,9999,15.279802,11.467871,-19.706533,-16.161802,-19.706533,11.467871,-15.747767,9999,-17.216982,9999,-15.125703,0,-19.706533,9999
22.245937,-15.678954,-19.706533,10.885239,-8.9571409,-19.706533,-19.706533,0,-17.368074,9999,-15.990403,-19.706533,-19.706533,-19.706533,-19.706533,3.2399209,9999,9999,-19.706533,-12.526541,-16.561634,2.8571379,-19.706533,-17.427389,-6.1283131,9999,9999,-17.797525,78.861542,9999,-15.787255,-14.516623,-19.706533,-15.201588,-19.706533,-14.516623,3.1296813,9999,-15.873012,9999,-18.193842,0,-19.706533,9999
-3.807524,2.3920701,26.39312,23.24069,1.5252527,1.3338768,-6.7764769,0,2.8021953,9999,2.8059142,-.45991465,-.79680771,-19.706533,-.46083146,-.044618156,9999,9999,3.6783609,3.5164876,3.2039149,0,-.49187943,2.5125604,-5.915628,9999,9999,2.8009012,-.027717384,9999,2.8320796,3.2936645,2.5563059,2.8059247,-.4013513,3.2936645,-1.0018533,9999,2.8571386,9999,2.7797034,0,10.734463,9999
-5.4573679,-1.4272199,8.9098577,-.43186241,-.44771978,11.08895,21.981012,0,-1.4068182,9999,-1.3899387,10.23102,-.40161324,52.056519,-.7432794,.30131808,9999,9999,16.831684,-1.9396576,-1.8638115,0,5.0175982,-1.2254832,-.77655536,9999,9999,-1.3680916,-.21380338,9999,-1.4379712,-1.3160183,7.2978964,-1.3899436,7.646564,-1.3160183,.97415346,9999,-1.408451,9999,-1.37922,0,.25510386,9999
-7.3942199,.55166662,.24021268,-7.1325307,-.069957718,-6.2477531,1.3888397,0,.51398671,9999,.5638141,50.538918,.40323266,3.3106046,0,-1.654119,9999,9999,34.180786,.43290114,.48936576,0,17.138443,.2481328,3.3324966,9999,9999,.5352968,5.1483035,9999,.56874239,.47895455,78.861542,.56381536,31.610569,.47895455,.79305357,9999,.60728735,9999,.52978384,0,-13.994915,9999
17.627445,1.1192325,-.10631419,9.8598852,.57005626,3.9448483,39.474567,0,1.1733651,9999,1.1467917,39.021481,0,.77964097,0,8.1796532,9999,9999,0,2.6666684,1.8551768,25.555557,.066048034,1.2376285,18.739305,9999,9999,1.1764191,0,9999,1.1556443,1.112435,8.0820532,1.146791,.29131299,1.112435,9999,9999,1.022495,9999,1.1810356,0,-5.6213017,9999
10.52941,10.234956,.25172096,.51960248,3.1225104,-19.706533,76.870598,75.25412,7.1523967,9999,5.013855,13.962806,0,10.93717,9999,4.5806355,9999,9999,1.2105309,10.974104,10.017645,14.823009,3.1354887,5.6234722,9.0534992,9999,9999,10.604214,9999,9999,9.8444376,9999,-19.706533,5.0138602,1.539232,9999,9999,9999,78.861542,9999,10.797923,0,78.861542,9999
-7.5785618,15.801551,-.17020464,11.654142,6.557385,.10346502,78.861542,-.070054643,5.2045379,9999,.90908766,20.549831,.45183009,19.583241,9999,10.666664,9999,9999,2.964113,8.2178135,10.12468,4.0462465,.39468458,1.85185,16.981134,9999,9999,10.483676,9999,9999,9.8251839,9999,14.037123,.79174644,-.66897476,9999,9999,9999,-6.7961664,9999,15.495069,0,0,9999
0,-5.0174317,5.0808401,4.0824871,0,.051683739,12.920584,0,0,9999,-.09521845,-2.8081467,-.47411746,-6.6441698,9999,0,9999,9999,-2.1717191,0,-.32885322,-10.185184,-.12218893,0,4.8387098,9999,9999,-8.5686607,9999,9999,0,9999,2.0992393,-.095219873,-2.2971096,9999,9999,9999,4.5720901,9999,-5.3018837,0,0,9999
0,-.068431742,-.044442728,-5.232511,0,.051647648,9999,0,-7.0945916,9999,-.16679111,0,0,9999,9999,0,9999,9999,-1.8585452,.46838364,.46192479,0,-.042835914,0,0,9999,9999,-.57285297,9999,9999,0,9999,-.026484612,-.16678508,-.19959518,9999,9999,9999,.23152669,9999,-.076608315,0,0,9999
0,-.36568549,0,-.025601279,0,0,9999,0,-.46753326,9999,0,0,0,9999,9999,0,9999,9999,-.05259997,0,9999,0,0,0,0,9999,9999,-.014404285,9999,9999,0,9999,0,0,-.069773473,9999,9999,9999,.12043522,9999,0,0,0,9999
0,-.037177827,40.853207,-.28169215,0,0,9999,0,0,9999,0,0,0,9999,9999,0,9999,9999,78.861542,0,9999,0,0,0,0,9999,9999,-.29212233,9999,9999,0,9999,0,0,-.16290365,9999,9999,9999,.030134998,9999,0,0,5.0156684,9999
0,.24845102,0,-.48792928,-.045245588,0,9999,0,.15309559,9999,49.13195,7.5268769,-19.706533,9999,9999,0,9999,9999,57.306896,60.839165,9999,0,41.01786,8.1818209,0,9999,9999,-.22795366,9999,9999,0,9999,0,0,0,9999,9999,9999,-.33709538,9999,.058106057,0,0,9999
0,.20539063,30.074625,-.98064339,-9.2349472,0,9999,0,.26403633,9999,78.861542,78.861542,78.861542,9999,9999,0,9999,9999,78.861542,78.861542,9999,0,0,4.4117551,0,0,9999,.080445886,9999,9999,0,9999,78.861542,0,.18415473,9999,9999,9999,-17.937025,9999,-.008472885,0,0,9999
0,.10612874,-14.473681,-3.3098795,0,0,9999,0,0,9999,-6.8644533,-13.043477,34.285709,9999,9999,0,9999,9999,33.622742,78.861542,9999,0,0,0,0,0,9999,.31350535,9999,9999,0,9999,3.6552637,-14.200478,0,9999,9999,9999,-19.706533,9999,.16656339,0,0,9999
25.000002,-.067176141,10.256412,0,0,70.366547,9999,.4960016,0,9999,1.7635578,73.333321,-19.706533,9999,9999,-.30120453,9999,9999,78.861542,78.861542,9999,18.350512,.18112607,0,78.861542,0,9999,.18752131,9999,9999,0,9999,-6.5038037,-.027814396,-.40950367,9999,9999,9999,9999,9999,-.11877516,0,11.940299,9999
19.999996,9.7265253,-15.58884,0,2.8229353,9.0877256,9999,11.363639,12.428964,9999,69.852936,-19.706533,7.5075092,9999,9999,9.0634432,9999,44.01281,2.8138897,78.861542,9999,39.547039,9.0929689,12.676059,-8.0124178,0,9999,4.3767509,9999,9999,14.641743,9999,21.832275,2.7545903,.21026152,9999,9999,9999,9999,9999,12.415348,0,-10.666667,9999
78.861542,30.688164,10.202552,0,1.7371042,33.333328,9999,0,27.724722,9999,0,5.643507,17.178297,9999,0,31.90859,9999,-19.706533,5.719101,9.4242439,31.552216,7.990015,31.206408,27.551073,.94530725,0,9999,9.8915005,9999,9999,25.543308,9999,16.235136,40.069603,1.9502043,9999,9999,9999,9999,9999,28.025507,0,12.059703,9999
27.272732,0,0,0,.3937169,16.666666,9999,22.448982,0,0,-.43289658,.08006788,0,0,0,0,9999,0,.0624993,0,0,0,0,0,2.2073522,0,0,0,9999,9999,0,78.861542,-.37688529,.0084991949,0,51.941742,-3.5050843,0,0,9999,.038648374,0,-11.001595,9999
0,0,0,0,-7.0270286,10.714284,9999,4.5833287,0,0,0,.0028600725,0,0,0,0,9999,0,0,0,0,0,0,0,2.0942411,0,0,0,9999,9999,0,0,0,0,0,0,-12.442007,0,0,9999,.26066309,0,-1.1972485,9999
0,0,.5792309,78.861542,.46197236,14.516136,15.56636,0,.70347762,0,0,.47630018,.11959497,0,0,0,9999,78.861542,0,-.30462644,0,0,.38866863,.68496203,27.50001,0,0,0,9999,0,0,78.861542,0,.32814983,-1.8259267,20.000008,-3.4227002,0,0,9999,.25188765,0,-2.9385047,9999
0,0,-.36289284,51.408451,-1.0467032,29.577456,0,0,-.12321056,0,0,-.11733753,-.017830661,0,0,0,9999,78.861542,0,0,0,44.508671,-.34400639,-.417961,-4.4746151,0,0,0,9999,0,0,0,-1.7654434,.16119091,-.11786802,0,15.937016,0,0,9999,-.32450768,0,14.481899,9999
21.428566,0,-.097335018,19.53488,1.3462423,76.08696,-5.7088265,0,-.024421299,0,0,-.11560521,.27363729,0,0,0,9999,0,.73716038,0,0,0,.16735207,.22840719,0,0,0,0,9999,0,0,78.861542,0,-.083644018,-.050541118,71.884972,2.3849003,0,0,9999,.25486284,0,-12.022903,9999
78.861542,0,.0078197494,-1.945526,-.21771042,78.861542,-.23504655,0,.0060004015,0,0,.56037295,-.19035453,0,0,0,9999,0,-.15714809,0,0,0,.27314672,-.023682145,0,0,0,0,9999,0,0,0,0,.047167756,-.013784843,0,-3.9608071,0,0,9999,.062995061,0,.43384281,9999
11.111109,0,.32795233,5.5555615,-2.5894415,55.064053,.00035833483,51.294819,-.060968384,8.5579350e-06,9.7827291,7.6691651,-.036481433,0,0,0,9999,.00021827921,-.2014489,0,0,0,-.18352127,-.27313012,0,0,0,0,9999,0,0,0,6.0376463,-.26066753,.019739857,-4.4182124,-.14437215,2.4999976,0,9999,-.24263111,0,3.3734438,9999
19.999996,0,-.69176149,72.180443,1.2535559,35.3167,0,68.531937,-.30023319,0,26.732441,11.102786,-.22098856,0,0,0,9999,0,-.51327139,0,0,0,-.6152494,.017449688,25.578949,0,0,-.65758628,9999,0,0,0,1.6887739,-.032217808,.0075094551,13.701095,1.1646626,17.073172,0,9999,-.079029217,0,-.0099516511,9999
64.583344,0,.16321443,18.777292,-1.2120714,33.900711,0,0,-.43201801,0,0,16.205229,-.30668753,0,0,0,9999,0,-.54415584,0,0,0,-.36715725,-.43461394,16.932106,0,0,-.020354806,9999,0,0,0,21.430151,-.14229363,.80475295,12.496447,.84953892,0,0,9999,-.49830452,0,-.0099456916,9999
5.0632844,0,-.20969906,23.345587,1.1086667,11.33474,0,3.6718771,.014773783,0,0,-.0072232499,-.20708464,0,0,0,9999,0,-.013098472,0,0,0,-.076665953,.076935731,-2.1534092,36.666656,0,.11092803,9999,20,0,26.25,17.647808,-.13202712,-.049483072,.6609242,.055111915,0,66.666656,9999,.036236599,0,-.0024884078,9999
0,0,-.01375467,44.262302,4.4406257,0,0,.97964698,.16574635,0,0,.027962215,-3.5556641,0,0,0,9999,0,.032448299,0,0,0,-3.6120481,.13247322,-1.7674488,9.7561064,0,.12272897,9999,0,0,78.861542,0,-.01166431,-.0018548777,.69014561,-.58226889,0,78.861542,9999,.19513315,0,.0074654096,9999
37.349403,0,-.19170435,3.3057804,5.5649309,8.6584206,0,3.9054816,-.04549861,16.151697,0,-.10418135,-.60331738,0,0,0,9999,61.111107,-.029314825,0,0,0,-.89138371,-.066432737,.012307521,21.916103,0,-.21854132,9999,0,0,4.173625,-.19577746,-.23063695,.11790837,0,-.84685856,0,0,9999,-.19447753,0,-.0049765683,9999
21.052635,0,.21526006,78.861542,.91351986,64.185638,0,29.279379,.038491361,7.4894495,0,.006694668,-.287166,0,0,0,9999,3.448282,.1322715,0,0,0,-.051562887,.16086073,0,6.624332,0,.30887485,9999,0,0,0,-.0175054,.64758158,-.058647651,0,-.23958664,0,0,9999,.27347016,0,0,9999
1.4492735,0,-.23697092,78.861542,.00065208611,26.506664,0,0,.17648786,0,0,.0034787601,-.28898731,0,0,0,9999,0,.45330912,0,0,0,.15624954,.11465024,0,.0027694891,0,.27992404,9999,0,0,78.861542,-.016398657,-.71941519,-.056055829,0,-.14440122,6.2500014,0,9999,.29008985,0,29.863668,9999
20.714291,0,-.22099248,75.000008,-.056366395,31.829687,0,16.666666,-.014791167,0,0,.0088402117,.48978704,0,0,0,9999,0,.065745719,0,0,0,-.17586344,-.10084037,0,.028207656,0,-.16888115,9999,0,0,4.225862,.046975773,.13708633,.19252948,0,0,17.647057,0,9999,-.13876347,0,1.1494234,9999
23.076923,0,.38143843,14.285711,-.06772206,26.479053,0,28.571428,-.098049946,0,0,.25457239,.097643405,0,0,33.541763,9999,0,-.059504516,0,0,0,.51793861,.0033880817,0,-.11043356,0,.083885506,9999,0,0,1.7078172,.051946327,.14967513,-.02468387,0,0,0,0,9999,.099528275,0,0,9999
59.134602,0,-.2838721,25.000002,.12615196,27.206062,0,8.8020821,1.0690802,0,7.812325,.12442452,-.29076675,.50500864,0,17.940752,78.861542,2.6666577,-.060787678,0,0,0,-.43427977,.00083365326,12.782629,.49185607,0,.12782,9999,0,0,-.22157875,1.7568421,-.077984296,.044640336,0,0,0,0,9999,1.7967696,0,0,9999
5.7401843,0,.48483723,19.999996,-.10874082,34.903606,0,10.92055,7.1999545,0,21.738504,.65616828,.14300592,5.5273066,0,0,78.861542,13.636364,-.11854195,0,0,0,.45519006,-.10371894,27.941072,-.021273494,0,-.39622366,9999,0,0,2.2640371,14.274337,.11297517,-.28453505,0,0,0,0,9999,14.612104,0,0,9999
0,0,.40080038,25.000004,-.065156192,32.223362,0,6.3223753,.45501927,0,0,5.0167975,-1.7012279,0,78.861542,0,10.026723,0,.63255125,-.66093445,0,0,.11014624,.014854312,0,.12771684,0,-.54206723,9999,0,0,4.2201695,.23903231,.043583255,-.077120803,0,0,0,0,9999,.14746307,0,0,9999
8.2857132,0,-.95068544,13.33333,-3.1061208,28.727442,0,6.4831791,-.26580128,0,0,6.2942481,-7.0867176,0,0,0,11.298572,0,-.037971951,.1254084,0,0,-.21542433,.00014017717,0,53.72023,0,.27461988,9999,0,.29987571,7.7182112,-.26419136,.29771838,-.055530027,0,0,0,22.222219,9999,-.22110756,0,0,9999
43.007915,-1.3840973,-2.1084614,11.764704,-3.1993747,7.4186225,0,8.1043234,-1.2406571,0,.23018849,-.31626105,-4.4767914,-1.3231314,-.21187465,-.10753632,8.0041313,8.2857199,-1.3712833,-2.8719168,-.96213406,0,-3.3229327,-1.698965,0,6.7763872,-2.7499993,-2.0322745,9999,-.29269326,-.49634349,11.94512,-.75048232,-1.5402716,-4.4754057,0,0,-.39676258,36.363632,9999,-1.959457,0,0,-.090158999
78.861542,-4.7391329,-9.4194622,15.789476,-1.8991526,57.023136,-8.8042164,9.6912222,-6.0994301,0,-1.2621357,-8.4503565,-8.4527864,-5.6683917,-7.704452,1.368583,5.9011164,10.290239,-5.6017766,-12.841445,-7.3654356,0,-8.1689596,-6.1892748,0,3.7689464,-5.3984537,-3.7467384,9999,-7.6240001,8.4647532,13.010046,-7.0780892,-6.8172073,-7.2495713,.08348465,.00014671913,-8.7650576,-6.6666632,9999,-2.220742,0,-2.2727234,.63295323
1.0121444,-15.81075,-11.50662,0,.95938629,78.861542,-11.38719,8.106185,-13.065387,-8.4702015,-8.1334677,-11.713825,-16.219097,-8.7729187,-10.25105,.78474247,0,.23922931,-.22092527,-10.497152,-12.87779,0,-12.936375,-12.661403,0,1.2106782,-8.9673958,-9.4272394,9999,-10.571534,-9.9384422,1.3778177,-9.2778988,-8.3067713,-17.017887,-4.4239211,-.86753976,-11.630472,0,9999,1.9985271,0,0,-.45977139
0,-1.2958885,-.0052835522,13.636366,-2.2215562,78.861542,-1.4229798,10.293007,.84748358,-1.6715484,-1.3872281,8.1290197,-3.0786467,-2.2329209,-5.7168155,4.8969402,0,6.2052565,11.770336,7.5704784,-1.6278809,0,-3.7963343,-3.9731421,0,.4439472,-.89552057,3.8964939,9999,-4.2246127,-2.2678649,1.5570227,-1.0131691,1.7167333,-5.9582958,-.68565625,-1.1856605,3.5370376,0,9999,4.7571688,0,0,-3.6793292
78.861542,9.8009481,-5.5175114,15.999996,4.0062375,78.861542,-5.1646352,18.676697,-5.5743032,0,-2.4705338,-10.916262,-4.8589687,-1.916216,-11.619506,4.7289243,0,42.471905,.40809166,1.6279863,-.16880716,0,-5.8129745,-5.3609738,4.3173089,6.8017249,0,.29835105,9999,-.91233724,8.8483553,19.643839,-.50095278,-6.3890901,-13.314881,0,.020444801,-7.8442984,0,9999,5.8777962,0,0,-3.9386742
78.861542,7.2504597,4.8896327,34.482769,-3.0823627,78.861542,4.3870821,12.127944,5.0596452,0,4.9978986,11.474244,2.2081518,-.61633104,78.861542,6.6944661,0,25.078863,27.38961,-.15040873,5.7959514,22.968,4.383152,4.3050985,38.10923,2.6554792,0,18.435675,9999,.35217047,17.534706,0,16.517294,4.805367,-3.2898638,0,.10223119,6.589654,14.285712,9999,22.927227,0,0,-.48728499
68.24942,9.9554567,-7.1475072,30.769222,7.8681097,64.97287,-4.3057222,5.9855886,-.69711256,0,4.3509192,2.7764733,-7.7420144,-4.9492779,-1.4835776,-2.2643774,0,30.895334,5.9647822,-9.4151592,-3.1329091,46.698322,-7.130497,-2.3774514,51.078087,-.50391805,0,26.912855,9999,-.13980244,-.11978979,0,13.606417,2.9841676,-3.8099551,0,0,.040813766,12.500004,9999,2.993289,0,0,-1.1638899
78.861542,-3.1482935,-12.142577,29.41177,7.2005291,46.991444,-9.3783979,6.3210177,-8.1598339,0,2.2614019,-8.1799536,-13.493484,.46475768,-7.4310474,-6.5052395,6.5169663,68.304436,-3.827518,-19.706533,-5.9165936,.79826355,-11.811913,-1.5542792,78.861542,-.51822346,75,14.709706,9999,-3.5603049,-.021500157,0,.82507932,.77060413,-19.706533,-2.490134,-.31371987,-2.9791343,33.333332,9999,-9.0085287,0,0,10.77437
64.934258,2.3706448,-6.8986678,48.484852,2.7755439,17.65868,-7.6414108,8.8375778,-4.6430044,78.861542,-5.5706859,-5.7014236,-8.7676239,6.8108974,-6.1570368,-.50598282,40.948299,45.735546,-2.0714998,4.1336961,-5.5469341,.074795909,-7.3146644,-3.4029436,43.72921,.157582,78.861542,11.567258,9999,-1.1391144,-3.1174939,0,-12.374173,-5.1186233,-7.008954,-2.7880402,.40731665,-2.3329353,29.16666,9999,-9.49753,0,0,-5.4142098
38.0979,-1.8466051,-.41098168,78.861542,-.2808907,4.7096963,-3.636992,11.130021,7.0342999,0,-4.327632,-.81727213,-.96935463,-.53139955,-8.5668249,-3.3061812,.63213271,78.861542,2.9306421,3.3245556,-.52862835,.80453396,-1.0657065,-2.5409629,28.540718,1.7986771,33.19278,2.2838476,9999,-1.0144809,-7.4469328,25.504927,6.8014317,-1.3783941,.64069021,-.067830868,.28119445,-.3710131,78.861542,9999,-8.9093838,0,0,5.1424136
78.861542,-.94898629,27.285528,76.963364,2.6151617,0,14.12119,15.238669,26.677977,0,15.910456,28.861921,24.573925,12.33995,5.4957938,10.066783,.75959802,78.861542,33.035652,-2.5288441,5.8845115,6.799252,25.815769,16.366432,46.204006,5.1664462,15.671639,23.299799,9999,1.6762979,12.700686,12.037909,28.854576,19.937662,17.332857,2.3676271,6.5545492,21.940769,46.052639,9999,15.963053,0,0,78.443275
78.861542,13.464941,23.176163,78.861542,2.9103386,69.284332,10.987528,17.458967,17.06146,0,11.787473,21.107689,7.3987398,8.5808754,6.8275895,9.2621803,4.6954985,78.861542,19.047031,13.005013,1.3335811,78.861542,6.9826369,12.588481,65.17572,8.0993443,65.825996,29.842033,9999,1.3499711,23.783634,7.5491176,19.167233,24.11796,3.4937446,6.1752887,5.4809394,19.61972,45.945942,9999,14.962696,0,0,78.861542
78.861542,12.438628,11.818688,78.861542,-.13081448,19.305517,4.3814025,23.194679,9.7289057,0,15.566291,15.856503,5.2521968,19.558687,16.466831,6.5300975,37.471466,78.861542,12.280707,-4.6977224,-.6476745,78.861542,6.9404273,12.93054,78.861542,29.789516,7.9344468,39.375885,9999,.77557284,2.4767327,6.0257549,30.545189,21.942974,3.3595762,.41151032,-.098507032,14.911459,39.50618,9999,15.164799,0,0,-19.706533
78.861542,2.691788,12.847446,78.861542,5.0722542,24.714718,17.632395,27.854536,13.058582,0,7.8397131,14.494486,11.325068,7.742485,12.495191,12.296156,12.832344,78.861542,15.491124,.027230432,.96355814,23.03475,12.300282,11.7877,78.861542,50.703564,24.205355,32.035042,9999,1.9987565,32.435036,4.1079865,11.932239,7.791182,11.819006,.89343637,2.5713735,14.447663,61.946896,9999,13.839651,0,63.186043,2.5932045
78.861542,25.406084,2.6512764,78.861542,5.4371924,63.616127,26.310499,41.226192,2.2244332,0,3.1474185,2.7153494,3.3146205,-.35382587,4.3820491,8.6838884,8.2494822,78.861542,8.560812,.30170789,5.886272,67.778038,3.3678763,5.2006731,78.861542,11.900812,29.399351,16.293531,9999,2.7903032,51.373718,7.9855013,5.6485782,3.9244821,4.4125128,.66597462,15.31284,7.4228339,42.622959,9999,3.5814998,0,6.8832793,78.861542
54.374905,4.8474832,-19.706533,78.861542,1.7993244,19.998198,17.604807,36.454544,-19.706533,0,-18.143257,-19.706533,-19.706533,.16134705,-8.6172237,2.1480455,15.485612,26.24457,-19.706533,-19.706533,4.1267891,78.861542,-19.706533,-13.862499,27.084944,9.0283356,19.138237,-12.656137,9999,2.3222163,2.5731063,1.3926592,-17.63592,-17.170786,-19.706533,-5.1336803,-3.2325513,-4.849277,29.310345,9999,-12.326007,0,7.7733335,23.28767
78.861542,-4.7626266,-16.358973,78.861542,-4.5925126,13.785592,7.7936144,24.878242,-15.423906,0,-13.303618,-13.20548,-17.172401,-.066572256,2.5266688,2.779546,28.169312,7.1490355,-12.990858,-14.074364,-2.4960365,78.861542,-17.266232,-8.9475079,20.708611,.95167774,51.397606,-5.7564216,9999,1.1804397,-11.055011,-6.6061792,-11.868694,-10.961531,-17.005638,-16.111958,-2.0679152,4.3618045,27.111111,9999,-10.388006,0,78.861542,78.861542
78.861542,-10.425474,-1.4362633,78.861542,-7.1853437,11.634138,0,23.293522,-1.4865913,0,-4.6971488,-.79191011,-2.1948376,.10568774,7.3818364,7.3582039,2.4227252,.30484006,.48626152,-11.329436,3.98667,63.598503,-2.2981551,-3.1376624,78.861542,2.5538607,62.520729,2.2043586,9999,.053335827,11.698772,-11.091769,-5.508604,-3.2541182,-1.730464,-9.8150702,-1.7795044,3.5166297,66.433571,9999,-7.9801311,0,0,78.861542
78.861542,-1.0272493,7.1121273,78.861542,-3.7822149,8.7787256,.96339279,27.893744,8.5613718,23.809391,2.4345095,7.0350456,7.0178895,-.077381797,17.072525,16.645079,4.4051256,19.914104,5.3282547,7.6411953,3.3933353,8.5067759,7.2469873,5.8987155,78.861542,3.0288811,78.861542,9.3316431,9999,-.02318735,15.251047,-8.2222691,1.6467968,5.139535,11.644399,-7.7862906,1.6088043,10.668751,48.669472,9999,8.6954651,0,78.861542,78.861542
78.861542,1.2368315,-15.25085,78.861542,-1.4472892,14.328598,27.20006,31.292276,-15.434513,78.846085,-10.918417,-14.698935,-14.115939,-.13898434,6.9939499,7.889298,4.1007428,5.1243997,-12.70654,4.8147192,-.11149234,14.379397,-14.219089,-9.418047,78.861542,11.667115,78.861542,-9.5003471,9999,.0039152429,-1.3634125,5.4166694,-13.995691,-8.2323647,-15.094715,1.9360319,-.42806458,-7.477766,22.845028,9999,-8.0150433,0,35.166603,45.22567
78.861542,.25012144,2.3795047,78.861542,-1.8256596,14.584206,11.303256,24.823576,3.5673287,78.861542,5.9408312,3.7524366,2.8223028,-.23982257,18.353804,29.838648,6.1730022,13.152443,3.6602528,-7.012145,1.6780772,6.2451963,2.8396349,3.7863989,78.861542,13.22401,11.390097,1.424482,78.861542,.0093301153,6.7515149,3.6711843,2.0960145,2.3138189,3.3974557,-.5892545,-.26456255,5.2699847,60.467785,78.861542,.89705616,0,21.182724,54.825726
.49629608,6.145339,-6.1090155,78.861542,5.5176206,3.8902004,3.5030093,8.5602694,-5.8774557,5.8553038,10.792559,-6.385437,-6.1008205,-.39919052,5.5968504,23.970829,4.4831533,7.8246837,-.74428308,-5.8844223,-7.4178662,2.625623,-6.1789684,-4.3613753,61.202427,-7.1941423,28.865141,-6.7105947,78.861542,-.024467025,3.2266359,6.5054493,-1.63097,-3.851527,-2.2222338,-5.9757137,-.51155353,-4.3464313,64.348869,78.861542,.37874705,0,20.33964,10.672883
.80044621,8.045084,7.7335334,78.861542,6.7677679,11.458383,4.6908073,15.527832,7.6638565,.92632145,27.566147,7.2441344,6.0913458,-.058678851,16.610552,11.135388,2.7790182,15.165992,27.716892,-12.275185,1.0819435,.59588468,5.8457484,14.375149,59.702236,6.3820753,33.3251,19.451769,78.861542,.058042359,14.690936,2.6878822,24.66613,33.983418,5.2730522,4.9891062,-.30844426,13.489887,60.482689,78.861542,16.943869,0,32.842957,-5.0100322
.0059338771,-7.1747146,-3.4329503,78.861542,5.8090863,3.9571934,49.487347,5.0666509,-2.127939,.97284925,-8.8038063,-2.2248831,-2.0346546,-.086562827,14.210525,.32845619,3.5323195,6.3188667,2.3983262,-8.0224018,1.9384989,8.7346087,-2.1971855,-.70657003,10.450672,-2.6185918,25.010706,2.9156764,78.861542,-.021879524,8.4723234,.14648409,4.8866458,-1.1072114,-7.5813527,.18660812,-.67819524,.77828997,78.861542,78.861542,-2.0023794,0,64.352402,3.0515015
.04723563,-1.3108147,-11.700723,42.174088,.504632,-5.5848265,-3.120954,10.466293,-11.743988,.20900424,-16.286564,-9.9592867,-11.562097,.087001823,19.528996,3.2624903,3.9039385,-.0087324288,1.0255412,-7.8293295,-4.4350448,78.861542,-11.663971,-10.122311,2.5948503,-2.6831505,6.7089329,-9.5399923,78.861542,-.042510465,2.2225306,-4.2440562,-6.8181429,-7.4666095,-13.394395,.1157678,-.95145369,-6.505239,54.402298,78.861542,-2.9483132,0,17.086287,.66191149
.0010371315,-5.2558222,4.9421263,9.7115898,-.6430099,3.890552,-.37215978,13.533307,3.3821204,-.021373421,5.1040602,2.449019,4.9151273,-.015323962,21.421722,9.5253067,3.7226121,5.8639698,-5.25735,15.524191,.32361463,17.951918,4.9501138,1.8467499,8.8980818,1.9703164,11.124303,2.7816043,12.450459,.00042592114,18.461679,4.1817265,1.5399591,-6.0390272,4.4161301,3.6706557,1.7547008,2.9244499,77.70594,23.620583,1.1245508,0,78.861542,-.051339589
0,5.5017791,15.59775,7.247375,1.5007881,1.7053444,-.23436792,10.084889,13.969448,-.080583982,13.088733,14.14332,15.293947,.11120515,22.476105,2.4179378,24.661331,8.2363434,10.400975,11.139012,11.999133,4.1142755,15.801505,9.6795597,8.6381092,12.393214,21.778177,13.716656,12.983459,.001201474,7.2856588,18.539293,15.664492,13.861448,17.437082,4.7585711,22.530584,13.611975,78.861542,2.2541192,-4.7249951,0,17.181499,5.8984375
0,18.10487,1.3802999,7.6632352,7.2091026,9.7963123,-.22332905,25.003744,1.3790357,-.022133967,2.9102173,.99427694,1.4077361,.046586785,14.744334,13.72656,78.861542,10.185849,1.9179561,8.1855383,39.331303,15.775526,1.5648834,6.6627069,10.010762,38.969154,6.4391313,2.7289343,70.345184,.013254196,20.382952,46.624546,1.9488705,4.1648102,-.12333146,16.584616,32.79525,2.9674263,71.762024,28.449329,-1.1549152,0,12.173504,13.563484
0,-2.6867366,4.4704528,56.882736,.12453862,10.552994,-.27065814,23.184582,4.3000855,.21399264,4.5545039,4.5315895,4.4873004,.16251926,10.716376,4.2830281,-19.706533,8.9565344,4.8045516,-13.007611,-3.1972914,4.2664332,4.4422393,3.3038116,15.57509,-4.4677992,13.697619,4.5680079,78.861542,-.012718529,10.221017,-15.036973,4.6989746,3.9901359,3.782455,-3.8160572,-8.2450476,4.1713328,61.296944,73.323067,2.4397123,0,10.655451,5.0886869
-.03067255,11.37691,15.573078,.53091443,-.033250295,5.8899722,-.014515442,18.85338,15.860049,2.2619798,15.573078,15.573078,15.573078,.43159378,18.957949,4.2218056,7.0269866,-1.5531143,15.573078,-5.2925963,.01562959,-1.0300193,15.573078,12.874459,3.1166718,13.144638,9.4802704,15.573078,13.017925,.0022694115,13.486481,-4.9302554,15.573078,10.883399,12.383725,-3.2015309,6.1882539,15.549992,48.209759,31.333916,6.9672189,0,12.145963,1.610703
-.010851374,12.057065,2.9115925,28.651821,4.2294817,17.73288,-.001013924,10.15088,2.884536,14.428079,2.9115925,2.9115925,2.9115925,.086423859,1.4356852,4.9496946,22.035601,3.1438322,2.9115925,12.681098,-.0052634189,-1.2421941,2.9115925,2.0955176,.54872555,15.232447,-5.7247181,2.9115925,3.713088,-.004564147,23.667692,14.110662,2.9115925,12.777303,-.11101498,8.2663612,10.699612,4.9632192,78.861542,-1.3597432,5.0349474,0,6.4038978,3.9344072
78.861542,-4.8608561,-5.0621185,24.1875,1.410181,8.6398859,0,8.9753475,-5.3345218,13.256157,-5.0621185,-5.0621185,-5.0621185,-.0012043896,-10.03966,2.9734097,-9.1460285,12.61873,-5.0621185,3.0714545,-.0033376475,3.4932826,-5.0621185,-11.282875,.26833433,1.2004665,-.44537368,-5.0621185,7.4990129,-.0041829329,22.458387,-3.3854585,-5.0621185,-6.0307097,-7.7852712,2.21733,-3.3853614,-1.1802169,22.805363,-.8131206,-4.0473261,0,60.363098,3.7645278
-10.208326,-16.271839,-16.512545,5.180717,-10.741884,.33270612,-.000023043962,14.735833,-16.512703,30.02906,-16.512545,-16.512545,-16.512545,-.15761188,-12.957596,-4.1927624,-7.9983907,-4.0602846,-16.512545,-7.3591042,-.0058159824,11.65472,-16.512545,-11.234664,-1.0723904,5.0321817,-4.6547866,-16.512545,-2.2797556,-.00095995329,-19.706533,-4.4096608,-16.512545,-16.828156,-13.507786,-.45531347,-3.4266574,-9.3741255,-.91531068,.10921833,-8.1105137,0,38.945782,1.5058281
-.17927665,-11.711921,-9.1334419,-4.859374,-7.1318021,-11.855586,.0089871474,-8.6036777,-9.0197468,5.9028258,-9.1334419,-9.1334419,-9.1334419,.021021556,-9.7337132,-2.7227921,4.3788385,-1.4106441,-9.1334419,-6.7028551,.011946359,4.5794358,-9.1334419,-4.8578315,-1.8937371,3.4005082,-6.283761,-9.1334419,-6.101553,-.00053401885,-14.768271,-3.885386,-9.1334419,-9.1360445,-7.7043123,-2.8645651,-3.0147696,-3.3366275,-4.8135843,-.25917873,-10.862523,0,16.901751,1.5243285
-.75037527,-3.5138087,.031681277,-16.823046,-6.8596148,-8.1514549,-1.0306871,-11.678983,.19520846,-6.7364855,.031681277,.031681277,.031681277,-.14408953,-1.382355,-2.6373293,8.6023102,.21863906,.031681277,1.8704364,-.3507067,-3.4816849,.031681277,-4.3509517,-3.4031377,-1.772725,-11.222096,.031681277,-1.7548509,.0062938277,-1.1152111,-10.546074,.031681277,1.8073117,.31901723,-3.7283187,.033853445,4.1724167,-5.668097,-3.7492948,.80904734,0,11.717504,.7171154
5.1691294,1.1849213,-.98656887,-10.556979,-6.4239907,-5.2869616,-2.6702955,1.613803,-.89237553,-.79022425,-.98656887,-.98656887,-.98656887,-.11479544,5.414206,2.6838524,-5.6033564,-.720846,-.98656887,5.5595345,-3.1346557,.065359943,-.98656887,-.45901856,-.66295046,-6.8496714,-4.0838208,-.98656887,-3.9373319,.0014684673,6.4188495,-6.7389221,-.98656887,-1.3202189,.56860453,1.1008271,-5.8403187,2.5891113,6.7268834,-1.356047,-1.2382653,0,1.777864,.85335594
1.2688679,-10.038009,-8.3312426,-10.532435,-5.3386998,-1.4280436,-4.6073189,-11.984924,-8.4366274,-1.7047118,-8.3312426,-8.3312426,-8.3312426,.42394966,-12.782097,-8.914814,-.3446326,-7.8001528,-8.3312426,1.2615496,-6.3083553,.23611134,-8.3312426,-8.6246395,-4.4528251,-10.180908,-10.88611,-8.3312426,-5.9196925,-.092734575,3.9997265,-2.713361,-8.3312426,-8.4128036,-4.2734003,.98536736,-14.844614,-3.7314851,-9.2032442,0,-8.0739145,0,.00013340608,.69321787
1.4319891,.11038146,-6.4666138,-5.7871666,-.72426754,-.17240083,-8.64851,-5.2560134,-6.4016886,-3.6010242,-6.4666138,-6.4666138,-6.4666138,-.18971831,-6.2099519,5.3893743,5.9496055,-12.787443,-6.4666138,-12.167849,-2.9944427,2.012342,-6.4666138,-3.7990808,-6.5386786,-3.4852896,-12.999122,-6.4666138,-2.7847455,.10351653,17.0874,18.60515,-6.4666138,-2.5309479,-9.7321281,-3.992945,2.2474401,-3.8409276,-.15979688,4.5631804,9.0860558,0,0,1.2239892
18.051687,6.9272509,5.1878705,8.7498932,6.9821372,7.2592001,-1.6885906,9.4649048,5.0561395,2.06264,5.1878705,5.1878705,5.1878705,-.45449927,17.235165,11.297669,7.3837461,9.5516949,5.1878705,-9.5714636,5.674418,21.120668,5.1878705,11.401132,2.995805,7.0075836,29.467573,5.1878705,27.667627,-.017034693,1.9071376,15.793184,5.1878705,16.048302,.1967171,4.7475739,3.8976638,9.5876179,19.165991,47.614647,17.533443,0,-.0056363996,4.679317
4.8619752,-14.820161,5.1338181,-11.840873,-9.674139,-8.8071337,-.92694956,-11.82437,5.1453757,1.3957878,5.1338181,5.1338181,5.1338181,.23189206,3.1825633,-5.4424448,-12.645199,-4.9334221,5.1338181,-6.2378335,-8.6660643,-6.4711452,5.1338181,-3.7165103,-6.1999221,-5.2478499,-3.0888908,5.1338181,-4.2753487,-.0039733197,-13.031059,-9.3506508,5.1338181,-5.735219,-3.9447067,-4.5651708,-7.6252379,7.3941231,-3.0187194,1.8180145,1.1165427,0,78.861542,9.0701694
5.4962416,-11.012679,-4.8501892,-4.853961,-3.951052,-5.2926803,-4.5125666,-2.7238173,-4.8088312,5.5298491,-4.8501892,-4.8501892,-4.8501892,.19986455,-3.4528043,2.0830264,-3.3818793,-4.1239343,-4.8501892,-9.1278868,-4.9317117,-1.507714,-4.8501892,-7.3225212,-2.4977283,-3.9404144,-1.8059148,-4.8501892,-3.2061441,.0030134856,-.74646652,-4.1967521,-4.8501892,-9.8835917,-14.945768,-6.7468061,-3.8074365,-2.9806597,11.530338,.39677083,-3.6967285,0,1.2110482,10.190955
10.108485,-.36884493,8.2926064,16.738466,1.0591764,.69978464,-2.3683345,-2.6628127,8.1933918,2.0770867,8.2926064,8.2926064,8.2926064,-.35670492,11.966583,14.476737,6.8641763,7.7765908,8.2926064,.064412929,.97425628,5.8227968,8.2926064,3.8632214,-4.1845951,-2.4980049,9.8950424,8.2926064,5.7428579,.00010807534,13.069556,1.7106289,8.2926064,4.3622155,5.854754,.60644341,1.9464368,10.993796,7.111547,.29077968,1.1911623,0,.0002001025,1.5517011
20.396809,7.3434653,-3.2886987,10.463266,3.0459905,1.6946388,-2.5571518,3.9667192,-3.1035664,13.445498,-3.2886987,-3.2886987,-3.2886987,-.0072474172,-.72933078,9.7396517,11.13649,-6.3924623,-3.2886987,22.400076,1.9970477,-2.9855852,-3.2886987,.95960784,2.3594768,.59895587,-3.0028756,-3.2886987,2.4787719,.0014685516,17.549896,-2.8370371,-3.2886987,-3.8705552,-1.2146804,.36751595,-1.1423824,4.0647063,5.8536263,.024137018,1.3409495,0,41.506321,.50612646
48.31612,6.9783192,.093858041,9.029603,7.1899385,15.15384,.2144599,7.0209184,.047780987,3.0170913,.093858041,.093858041,.093858041,-.020833993,4.0939431,4.065659,13.836527,-.92897666,.093858041,8.4001303,3.8518436,4.1701412,.093858041,7.2379265,5.0752635,4.5367293,-.20915624,.093858041,21.00041,.015702464,12.353934,-3.8413041,.093858041,5.3523765,-1.2658504,2.0907154,5.6967654,4.9182286,14.847134,48.554337,-5.0614538,0,3.5340521,1.0250787
13.935172,20.114689,19.624214,41.875618,15.83402,14.779338,2.0157619,37.146927,19.693842,8.6702852,19.624214,19.624214,19.624214,-.032533381,20.090261,5.1709495,12.988453,8.6438303,19.624214,14.422727,19.531864,19.404493,19.624214,28.067858,12.221381,2.5678885,19.585472,19.624214,59.050537,.0081614563,17.808619,7.5659919,19.624214,22.890425,5.1669831,4.8182139,5.5393772,15.10522,24.623077,78.861542,7.7325153,0,0,2.5986776
59.731667,.93931651,.22109132,4.342597,3.5728772,3.4518011,5.7119689,11.212092,.038128186,30.348003,.22109132,.22109132,.22109132,.12864432,.70570922,4.7048674,-.77734178,-1.2249546,.22109132,-10.261696,5.9580412,17.640642,.22109132,4.0253606,5.9460692,4.3011241,4.5404091,.22109132,9.2004728,-.013703009,14.929737,2.4521387,.22109132,1.4979457,2.3272586,1.4812995,2.9098649,9.1662292,10.821529,17.306643,13.232779,0,47.734695,1.0942776
12.079471,-2.9661517,-1.8642764,-8.422925,-2.0162833,-4.0635762,1.7200807,-3.2649145,-1.9519802,77.374786,-1.8642764,-1.8642764,-1.8642764,.39243388,-2.5676246,-3.0784929,.59711647,-6.246623,-1.8642764,3.2575908,3.7690995,1.2096543,-1.8642764,-1.5566838,-3.3720002,6.1341643,-4.2421341,-1.8642764,-12.869367,-.015624588,-9.3433046,-2.557373,-1.8642764,-.19641456,-.061706416,-5.6046124,-3.7977822,12.952616,20.638756,3.9327464,4.8666019,0,7.4435635,1.9835237
69.54808,2.6078491,-4.4481721,14.580358,-.184044,-1.3919027,-2.0714929,.17158864,-4.25806,-.085721925,-4.4481721,-4.4481721,-4.4481721,.5755989,-1.4062506,5.0967522,6.4386554,-.12019202,-4.4481721,-1.5336133,-6.1336079,1.7420987,-4.4481721,-1.5877261,.76911449,4.5297871,-4.3364401,-4.4481721,7.6141047,-.0032805321,-.48583132,-2.6610749,-4.4481721,1.7952298,-.61849844,-.90179217,-4.7214656,8.9871416,33.082378,2.3225896,-3.477252,0,78.861542,1.0369421
71.607697,7.4874434,5.4067965,7.8848166,2.4100294,9.7362442,4.4221087,10.980749,5.5870023,-5.6097913,5.4067965,5.4067965,5.4067965,-.030212559,7.4913254,2.8911588,-.68080086,-.87301606,5.4067965,-1.3543848,2.6335692,.087116286,5.4067965,8.2089872,1.5340551,-1.7152581,6.2651443,5.4067965,3.0438685,0,9.0428963,5.9552631,5.4067965,8.7826509,1.5491141,2.5016816,-3.9995148,11.264115,17.007641,-5.0995111,4.5681844,0,-19.706533,1.9829679
46.09605,.87981963,-1.8559247,30.675055,1.0354722,12.750763,-.16002929,12.5658,-2.0068066,-6.0308509,-1.8559247,-1.8559247,-1.8559247,-1.0124509,5.8973465,5.2267094,2.9509389,-3.4663391,-1.8559247,-2.0519409,1.4132304,11.566398,-1.8559247,6.8368969,4.770854,-4.2212539,1.4460398,-1.8559247,11.779377,0,13.778836,1.1214923,-1.8559247,-2.766923,-5.5666628,-4.6842613,.76843643,-4.1600909,23.790714,4.6590815,-.58223915,0,78.861542,.68600994
35.241764,-8.230319,-3.5179076,4.6714416,-6.4860497,-4.1590667,-6.5389972,1.333335,-3.745198,-.72748715,-3.5179076,-3.5179076,-3.5179076,.22016481,-1.4472079,-.220579,-1.7555687,-6.1216669,-3.5179076,2.9312131,-1.3368458,-5.579093,-3.5179076,-8.5842438,11.057631,-.5930742,-.8293311,-3.5179076,1.8501937,0,-10.086141,-2.8703506,-3.5179076,-6.6905928,-2.5664878,-5.1885681,2.3492162,-.63615412,26.893625,.89265108,-6.7487559,0,-19.706533,-.20934662
37.459938,8.2833118,12.505229,-4.2217593,3.8376942,14.890394,4.4289489,13.702599,12.543083,22.473757,12.505229,12.505229,12.505229,.73880982,23.021181,6.3327446,3.8228087,4.0890846,12.505229,19.732441,6.1923981,-.85059834,12.505229,11.905309,-1.2160692,10.60041,15.534568,12.505229,-6.7364268,0,10.818233,12.874387,12.505229,17.922571,4.4636497,6.6569824,9.5537367,11.062326,78.861542,18.886276,11.705662,0,9999,.48113441
78.861542,4.4245701,-2.8074944,-3.3021622,3.6954007,-3.8125548,5.1953335,1.6357968,-2.6584332,59.841908,-2.8074944,-2.8074944,-2.8074944,-.022183942,-5.341032,5.041832,2.6240451,9.7453375,-2.8074944,6.8705764,3.6300745,-11.771371,-2.8074944,9.8562117,-2.3528907,2.0264828,-5.8425255,-2.8074944,24.877817,0,12.643247,1.0726285,-2.8074944,4.8992081,-5.8797193,4.5516047,-.75633311,.082712106,43.388973,12.798661,-.92337525,0,9999,2.2177849
