-.50447994,-.48113665,-.82860976,-.88973635,-.85148442,-.4087576,.092125967,-.21819793,-.63658106,-.65360039,-.62846524,-.67558086,-.49676925,-.76051372,-.63044822,-.085792787,-.89334273,-.91089231,-.56828189,-.47156191,-.78687739,-.54234827,-.28324294,-.57937539,-.61700851,3.5651386,-.77968758,.037328843,-1.0548546,-.69277811,3.5297782,-.59831023,.60301656,-.82918012,-.84243661,-.50191081,.086023726,-.5975548,-.75099546,-.26536146,-.26803753,-1.1233568,-.58326626,-.5543496
-.14741658,-.89145637,-.93217075,-.69453663,-.9199571,.71560222,-.87254661,1.2046522,-.40795031,-.7494697,-.74968559,-1.0819978,-.71016264,-.80558318,-.69458997,-.61061949,-.89334273,-.91505337,-.58015984,-.94951397,-.78687739,-.52207428,-.6770125,-.67417288,-.55071199,1.3126229,-.78403085,-.53860426,-1.2286123,-.69277811,.75194836,-.58111954,.32322529,-.84234089,-.98350585,-.58446014,-.61809951,-.63988477,-.67037225,-.26536146,-.78353971,-1.5113659,1.1378114,-.55915606
-.54542744,-.8329283,-.81009948,-.93209684,-1.1974803,-.55125999,-1.1848117,2.1099029,.14255826,-.89609146,-.65256393,-1.1285788,-.58368236,-.76021528,-.66779339,-.96490574,-.85436106,-.92336351,-.51983428,-1.1433752,-.73006445,-.54076588,-.35658228,-.60407138,-1.0838513,1.2854691,-.77037358,-.52516174,-1.3286303,-.69277811,.26318178,-.63803256,.326511,-.8549183,-.87212098,-.60267967,-.60834938,-.69006217,-1.0410062,-.26536146,-.79398715,-1.5238849,3.9764571,-.55428004
-.41131431,-.85069096,-.63543755,-.39844641,-.94833869,-.4523246,-.89527893,6.3581867,-.39583164,-.87622702,-.57054186,-.80055708,-.35527301,-.80558318,-.20308113,-1.0372331,-.89334273,-.92935556,-.088965744,-.46324587,-.78687739,-.42823344,-.4833909,-.46515238,-.5094263,.14961089,-.80501276,-.69886774,-.88380486,-.69277811,-.41501063,-.40979847,.081059523,-.62871337,-.86239624,-.58530992,1.0332608,-.49871361,.91784841,-.26536146,-.40739486,-1.1304611,4.1082258,-.55942184
-.097025365,-.76445735,-1.0617213,-1.0741677,-.89035273,-.61295706,.017573195,.98057616,-.31262952,-.64022952,-.51864535,-.46588281,-.52902102,-.70304054,-.77431369,-.72741312,-.89334273,-.93521827,-.47172374,2.8275502,-.78687739,-.41883367,-.57323915,-.60978693,-.59837288,.38079956,-.45922431,-.44342029,.17349289,-.69277811,-.6518352,.025596045,-.29366758,-.65090644,-1.0809433,-.39251503,.97457373,-.53220677,-.4101547,-.26536146,.042085178,-.84790504,-.35159087,-.5230307
-.47977728,-.90954643,-1.0090872,-.97295278,-1.1128436,.051634096,-.82207334,-.035104197,-.17022429,-.7991432,.10408977,-.67548591,-.50373632,-.75461167,-.44721419,-.73391795,-.71815664,-.93526018,-.46154097,.56611723,-.78687739,-.62689048,-.8212893,.56067467,-.60305113,.30444029,.088751465,-.80494004,-.38096693,-.68028337,-.54977441,-.54331398,-.17478026,.37759387,-.7559157,-.50770879,-.28284615,-.53312969,-.7611109,-.26536146,-.56378525,-1.1895357,.70924407,-.47575712
-.55223745,-.99664289,-.97573674,-.82381475,-1.1167819,-1.1215237,-1.1880012,-.77416199,-.64554781,-.7618435,-.4386645,-1.0207806,-.68387413,-.80558318,-.68911952,-1.0226481,-.89334273,-.92827219,-.63240725,-.78298676,-.78687739,-.29687655,-.857701,-.64149523,-.87323546,.324101,-.62360674,-.6867283,-1.1163644,-.68040174,-.63016123,-.6228711,.061013531,-.83664656,-1.0473018,-.60267967,-.92805737,-.53461665,-.93042505,-.26033068,-.97019172,-1.521754,-.24179031,-.55308664
-.59155476,-.94226652,-1.146885,-1.0395015,-1.3222874,-1.1550486,-1.2433003,-1.0481617,-.79951394,-.94914794,-.68253231,-1.180872,-.82591707,-.80558318,-.80604488,-1.4187604,-.89334273,-.93017584,-.69043857,-.56485373,-.73218149,-.39532191,-.86142194,-.66106331,-.79262489,-.16307732,-.78160018,-.46867999,-1.2971171,-.69277811,-.73479629,-.62966394,-.2736297,-.80900043,-1.0714943,-.57012761,-.96122646,-.69006217,-1.2845849,-.26536146,-1.1125218,-1.7484415,-.6245535,-.55976385
-.60832214,-.98483729,-1.1435467,-1.0221165,-1.2154751,-1.2204558,-1.1834099,-.68670225,-.69912547,-.89576036,-.57570124,-.9606151,-.68120587,-.80558318,-.13951144,-1.1491691,-.85417634,-.9169035,-.62758923,-.70483047,-.78687739,-.52811557,-.44766858,-.70797122,-1.0033178,.06070042,-.805821,-.024000401,-1.2171326,-.69277811,-.68073511,-.64796805,-.40848109,-.69150162,-1.0323453,-.55172127,-.57083815,-.64328164,-.34115398,-.26536146,-.98959398,-1.6729763,.51159537,-.52235907
-.31692937,-1.0848308,-1.0566783,-1.0521004,-1.1200496,-.58934319,-1.2910231,-.66832209,-.69198126,-.94764394,-.67165726,-1.1910717,-.79298711,-.80558318,-.37285212,-1.2827482,-.8524574,-.93573362,-.66816539,-.89462703,-.78687739,-.51700157,-.80019867,-.73186332,-.16085798,-.73623586,-.78557265,-.69582653,-1.2973853,-.69277811,-.71892035,-.63631397,-.32708445,-.84701264,-.95621431,-.60267967,-.49868882,-.69006217,-.57673627,-.25587887,-1.0107658,-1.7356063,-.38579243,-.56485361
-.30356377,-.98986882,-1.0998237,-.54414505,-.923002,-.93603313,-1.3049542,-.87403297,-.73595351,-.88957602,-.77958584,-1.2454162,-.92266929,-.80558318,-.82440889,-1.3844349,-.89334273,-.9362222,-.72161961,-1.0682166,-.78687739,-.32490212,-.84498024,-.48256275,.35979745,-.64964503,-.81564778,.052622423,-1.4285091,-.69277811,-.86752045,-.6634528,-.2141176,-.93814421,-1.1013566,-.60267967,-.69625187,-.64481646,-1.1020162,-.26536146,-1.2429295,-1.7833607,-.7248705,-.56485361
-.38067979,-.83682334,-.8624537,-.57532245,-.54813629,-.85564202,-.82082921,-.63521117,-.70196033,-.715904,-.72931623,-.75895506,-.3686147,-.80558318,-.70865721,-1.0069264,-.85485846,-.93612415,-.014404268,-.58615512,-.78687739,1.6842157,-.78091186,-.63213462,-.38887471,-.10844626,-.83281553,-.24870093,-1.1180282,-.68179888,-.75303298,-.6583342,.026951462,-.80371153,-.36757368,-.58598936,-.38684857,-.23040369,.68352199,-.26536146,-.51871741,-1.0646653,-.51555359,-.56485361
-.51863623,-.92781895,-.91118687,-1.152742,-1.0252937,-1.21614,-1.1125426,-.67461878,-.69442874,-.75830185,-.69967926,-.81988466,-.52414918,-.80558318,.56458563,-1.1130819,-.85304624,-.91616833,-.19666255,-1.0582298,-.78687739,.82923383,-.77075052,-.70570409,-1.0732375,-.49394259,-.68513161,-.5878166,-1.0749587,-.69277811,-.76935875,-.66282988,-.33616349,-.93312949,-.46038184,-.58520341,-.47719252,-.49754077,2.1891642,-.26068845,-.4999007,-1.1599288,-.68210858,-.55938852
-.43552962,-.98290396,-.98080927,-.82970941,-.95399988,-.99138296,-1.1963831,-.68142253,-.69707328,-.87710267,-.77843308,-.99224675,-.69585341,-.80558318,-.34795976,-1.0609655,-.89334273,-.94238311,-.53007627,-.78126955,-.78687739,2.7269554,-.8060872,-.62741661,-.91829646,-.25996205,-.82348788,-.70029223,-1.2410311,-.69277811,-.84196675,-.66810882,-.24869722,-.85210061,-1.0298959,-.56827915,-.6967048,-.69006217,-.0019158834,-.26536146,-.6746394,-1.2824093,-.11363538,-.55947483
.70842105,-.23020211,4.1825933,2.027504,1.309364,2.7627308,-.75281906,.37043586,2.0615542,-.22987929,.19772688,1.9494939,2.3157849,-.67063916,2.626426,.12768714,-.89334273,-.91723973,1.0098239,.48641697,-.78687739,5.7611341,2.2385349,.32481191,-.54053783,1.145735,.20894796,.35256588,.10716575,-.68175173,-.043917984,-.62337905,1.0739532,.45447832,2.2243516,-.58591771,1.1471659,-.13610353,1.5537002,-.24743341,2.0533538,1.153671,-.51421589,-.55437016
.26808557,-.080024064,2.8384855,.7939074,.20708023,2.168478,-.75903726,-.57473361,2.6680975,-.37773791,-.52892274,1.49077,2.9801803,-.80558318,2.9884362,-.36971259,-.85473531,-.89843017,1.6909262,-.097592011,-.73060989,2.1459496,2.5906544,1.2788434,-.46355811,.043487351,.18134812,-.2467932,-.13708761,-.68176377,-.36445197,-.63837039,.23301826,1.5484529,2.5078616,-.58593595,.67935169,-.45949748,2.8875437,-.26088431,2.3348031,1.032877,-.75763708,-.55961758
-.20380642,-.24040771,1.1969782,-.97424936,-.016707771,.28117365,-1.0387241,-.32495192,1.196457,-.67532969,-.60035384,.67241776,1.6711403,-.80558318,.90198827,-.075199164,-.73611486,-.92959756,.44592175,-.34004864,-.78687739,7.3856964,1.6481088,.080865294,-.52594298,.4886924,-.29392624,.22966605,-.74208194,-.67035025,-.61017972,-.65294659,.40609026,.3706834,1.5681187,-.58563256,.75108665,-.64311373,.39030394,-.26536146,1.1547287,1.2669488,-.6149587,-.55952269
.93580735,-.14308029,2.3930554,1.4026256,.83669144,1.2351692,-.88286638,-.3086369,4.7417898,-.72320211,.36609173,1.8517047,3.4409068,-.7588805,1.8594028,-.32786879,-.85321414,-.86406642,1.1140107,-.21957108,-.78687739,1.6480433,2.6034222,1.2260481,.9500109,-.033244915,-.19998412,.03273112,-.0029195235,-.69277811,-.39032003,-.66287321,1.0532655,3.7603672,3.1858244,-.58527625,.96895081,-.64213234,1.0323403,-.111795,1.6862074,1.9937836,-.39396077,-.55941129
-.09454789,-.16666119,2.14166,-.68523824,.29869008,-.88270926,-.9306944,-.975541,2.7090712,-.80394548,1.7594081,2.231235,2.8732057,-.80558318,3.4014513,-.37357345,-.85080701,-.9077937,.94864094,-.024294186,-.72488463,-.11881343,3.2793543,-.018549019,.060786292,-.68697077,.30486575,.04661468,.1159832,-.68064302,-.58536136,-.651281,.38395497,2.5749171,3.2395129,-.60267967,.1969547,-.69006217,1.1322013,.46467477,1.1936131,1.2218088,-.78882951,-.55331606
-.10313314,.22761413,2.1016016,-.76924145,.23562601,.46162778,-.27964211,-.57266432,3.4872608,-.63379747,.38263416,4.2113347,2.7347574,-.75483721,4.0954919,-.12703928,-.76253468,-.90692604,2.0119755,.9288922,-.78687739,.99981964,.40037197,-.40749377,.0093955798,-.30621442,1.4490949,-.010487347,.10709622,-.68033868,-.44825366,-.60574466,-.056019284,.55249524,1.8735471,-.58376956,.95010704,-.58590353,.6415869,.032966476,1.4225843,1.6741883,-.70943218,-.55894011
-.22416829,-.60104167,-.12809418,-.87576938,-.77112406,.53255576,-1.1518748,-1.0393132,-.033680346,-.68446982,-.046123784,.62295234,.22975212,-.80558318,.30443719,-.41593558,-.89334273,-.92829156,.63215578,-.50714189,-.78687739,.19899136,-.25060833,-.58375442,.26261717,-.37832293,1.691628,-.45009151,-.37671229,-.69277811,-.809856,-.63970137,-.3654173,-.44709581,-.080503143,-.5463146,-.66781771,-.5865742,.8069405,-.069431283,.22638577,-.23055065,-.82708859,-.5589782
-.4625195,-.68322581,-.21254686,-1.0267262,-1.0061339,-.85232764,-.78936261,-.75050753,-.50776178,-.83578992,-.25193146,.21380362,.026578892,-.80558318,.62509334,-1.1568266,-.89334273,-.91088665,.24288228,.16058512,-.78687739,-.62198466,-.60888147,-.55343723,-.53870153,-.48941311,.21119653,-.38603345,-1.0304461,-.69277811,-.63749897,-.60828698,-.46885189,-.48064509,.086268492,-.46829695,-.78011698,-.64380014,-.20638052,-.19349582,.095967799,-.7525425,-.72257447,-.5490948
-.49857304,-.83325887,-.31462872,-.92911077,-1.1514581,-.75232738,-.85932821,-.99567837,-.68264025,-.82905328,-.54790813,-.30179441,-.47643963,-.76375049,-.48576671,-1.1051414,-.89334273,-.93069142,.16837081,-.41258815,-.78687739,-.33768114,-.83834308,-.78654456,-.38297796,-.48129147,-.41467437,-.58282536,-1.0142251,-.69277811,-.57226992,-.6454103,-.61737299,-.86753261,-.60257697,-.60267967,-1.0421669,-.47540289,.65944195,-.24452008,-.28260705,-.96450883,-.82708859,-.55997878
-.37860286,-.87748182,.92411691,-.88095653,-1.1475275,-.26044494,-1.0876294,-.93905675,-.59020555,-.87645167,-.66291761,.50552034,.19866662,-.76331437,-.33694762,-1.1993954,-.89334273,-.90694237,.27632958,-.93114865,-.73394531,-.066217795,-.32757777,-.54367518,-.29909471,-.50232857,-.1945321,-.31533921,-1.0639634,-.67205524,-.76199555,-.65917194,-.39748791,-.56432766,-.17569791,-.60267967,-.7883212,-.60330331,.48126456,-.24851453,-.29496226,-.91993588,-.79442132,-.559928
-.464827,-.73589975,-.27077481,-.51929343,-1.1233314,-1.0602633,-1.0246725,-1.0063666,-.70008886,-.73333335,-.69900429,-.64565092,-.57059753,-.80558318,-.55476654,-1.2417027,-.89334273,-.91072208,-.31267968,-.54284316,-.78687739,-.085273877,-.74979836,-.72145426,-.9401781,-.57091498,-.58962929,-.66745907,-1.2159246,-.68352169,-.62455279,-.66067058,-.58226013,-.50030082,-.77061671,-.58860832,-.63165331,-.57380295,-.90566885,-.25031123,-.66196918,-1.3112119,-.76872188,-.5604533
-.57151705,-.82402015,-.24178968,-1.1350638,-1.1757973,-.63461459,-1.0476339,-1.0564617,-.59512287,-.86528718,-.67933953,-.35560116,-.52270126,-.69352287,-.51006693,-1.3510888,-.89334273,-.94238311,-.32417658,-.75633746,-.78687739,-.6021297,-.79102629,-.67923135,-.81557959,-.79950029,-.21113057,-.69861901,-1.1846648,-.69277811,-.81743085,-.65252763,.17841959,-.63915938,-.4305838,-.60267967,-.80576795,-.57505745,-.5694375,-.2541956,-.64889532,-1.4217267,-.79822016,-.55614793
-.5303874,-.96160823,-.58585167,-.83497155,-1.2431509,-.73852396,-1.075012,-.92178464,-.63698244,-.83796996,-.47290581,-.87750483,-.67290288,-.77059162,-.36740187,-1.2735282,-.89334273,-.93749326,-.20346165,-.86237156,-.78687739,.1464269,-.71973842,-.58548886,-.67040926,-.70563769,-.27159792,-.6256752,-1.2175157,-.69277811,-.82343048,-.65771371,-.28319147,-.66303748,-.60520303,-.60267967,-.97351688,-.54641813,-.73293799,-.25141498,-.93951374,-1.566624,-.69187307,-.56485361
-.52959436,-1.0127265,-.78659111,-1.2435668,-1.1031984,-.53091174,-.54270089,-.85376292,-.77058315,-.87980902,-.60834455,-.73146027,-.67209196,-.70968646,-.46497849,-1.1903915,-.89334273,-.92004824,-.28331453,-.48448154,-.78687739,.57471734,-.69968796,-.67634338,-1.1213822,-.63794345,-.24560745,-.59457421,-1.0189675,-.69277811,-.81487727,-.66259712,-.6494624,-.73165047,-.61352825,-.59076792,-1.0115455,-.69006217,-1.0133426,-.23351046,-.60834986,-1.309512,-.67886186,-.55367863
.072044827,-.93317622,-.87109542,-.66580832,-1.1100301,.079674512,-1.1053602,-.58561575,-.57900655,-.78412092,-.61750978,-.91009849,-.73928541,-.80558318,-.32690299,-1.220801,-.86716253,-.92535162,-.48390946,-.74262083,-.78687739,-.34278908,-.78698987,-.62898082,-.024827121,-.74232221,-.44094676,-.65400153,-1.3438421,-.69277811,-.75751948,-.65296555,-.53545153,-.83559948,-.88031816,-.57997137,-1.1880206,-.56498301,-1.2002121,-.25321746,-.97309363,-1.6249999,-.68580061,-.55775237
-.41098124,-.95109576,-.62820184,-1.0997406,-.98170185,-.57374507,-.5173229,-.74717492,-.47194013,-.74988931,-.55077672,-.80827039,-.68581557,-.80558318,-.45925885,-1.2131032,-.89334273,-.89151561,-.36293417,-.40318558,-.78687739,-.068985701,-.54782665,-.57739276,-.55692935,-.60365051,-.57965529,-.65484929,-1.082566,-.69277811,-.66574103,-.66313958,-.62865216,-.8003251,-.62327605,-.60267967,-1.0993242,-.69006217,-1.0311295,-.24118134,-.76680404,-1.4728371,-.56921118,-.56131876
.078347698,-.89703655,-.70673341,.67964941,-1.1065831,-.76520979,-1.0317903,-.74261153,-.59861678,-.87725145,-.46202177,-.55075967,-.64357013,-.774863,-.20402353,-.89825672,-.86694688,-.92950428,-.090889513,-.54578316,-.74840736,-.4943229,-.53153795,-.46882123,.62572747,-.71868008,-.50396812,-.5802725,-1.1933734,-.69277811,-.81867355,-.66301113,-.41173959,-.7062211,-.61559182,-.591232,-1.1634555,-.56395268,-1.0993236,-.23169036,-.515504,-1.3775655,-.73212069,-.53621477
-.34797737,-.97173601,-.68251646,-.86621332,-1.0825611,-.34722024,-.39092293,-.8327499,-.62868041,-.9202438,-.67189533,-.60983741,-.58348697,-.80558318,-.44242099,-1.0015309,-.89334273,-.91749239,-.22101602,.029272504,-.78687739,-.4739984,-.73108274,-.5989154,.35168809,-.83123171,-.46872163,-.077836208,-1.1154078,-.6855011,-.77657938,-.55479866,-.28710389,-.75198346,-.46745148,-.56949258,-1.1060269,-.65959597,-1.1169038,-.26240346,-.78858894,-1.3500791,-.73531711,-.55447549
.3885456,-.89145446,-.7718659,.76052952,-1.0023893,2.1366086,.45875451,.70963657,-.59252238,-.91150498,-.38409641,-.41453221,-.45488378,-.77415192,-.52548987,-1.1254647,-.839329,-.92042154,-.19869545,1.5178081,-.74751687,-.28132039,-.72628546,-.47952667,1.9261518,-.251378,-.47764629,-.5741483,-1.0642473,-.69277811,-.73666316,-.57221794,-.48427552,-.69903207,-.17721701,-.53240383,-.92531806,-.65780503,-1.1117686,-.26222959,-.45503137,-.93133509,-.75421399,-.54287726
.27287623,-.7956273,-.65613168,.7915678,-.93853146,1.1859492,-.32244521,1.5806817,-.57828528,-.92479914,-.66806144,-.28985599,-.23614736,-.74448937,-.15537998,-1.2613093,-.8408488,-.90396458,.043668974,.59490925,-.74862438,-.41109291,-.46057653,-.33019978,3.1038704,-.88274324,-.21210636,-.60568166,-1.082966,-.6852901,-.80368257,-.64952892,-.36883411,-.50814354,-.033146832,-.54576427,-.89388406,-.62736315,-1.1368028,-.24709901,-.34532624,-.9776625,-.75626451,-.56129396
.57037157,-.57096142,-.62589246,.085599199,-.98268145,1.2380946,-.9536376,-.15711893,-.53161824,-.88249862,-.56272626,-.41640368,-.2605285,-.74777681,.12859088,-1.2327152,-.8685081,-.91814893,.16656214,-.169736,-.67829347,-.53319484,-.3700664,-.62047189,.95707053,-.72480178,-.3367416,-.64118087,-1.0739454,-.67152286,-.82421231,-.65080392,-.12204585,-.44957021,-.09736789,-.57036799,-.75089896,-.63073695,-.93602562,-.24808171,-.58013421,-.94838506,-.69306242,-.55811739
.68707675,-.2728419,.22205649,.18664211,.12738039,.67505664,-.54530174,-.24853538,-.014040775,.59388292,-.39099419,1.644387,.42191309,-.74622613,.26962221,-.37816659,-.8678419,-.89676195,5.7545142,.8204028,-.74971181,-.13683568,.54552078,-.46254194,.45416081,-.4190301,.14861089,-.05479851,-.85601377,-.67095262,-.30919436,-.65677994,.23097034,-.31080458,1.9779599,-.5584417,.42967722,-.38547888,-.27756405,-.23578931,1.4551479,.2216441,-.46009785,-.55447817
1.3202612,-.47019964,1.6476409,.29986098,-.64308667,1.728637,-.42807698,-.26649949,-.11482306,-.40656999,-.39965472,1.3899423,.81421334,-.60218847,.28324753,-1.1294127,-.89334273,-.83275139,3.3903561,.81503022,-.7504909,-.30442703,-.12676223,-.13542792,.51609319,-.33815247,.025204642,3.4093361,-.43658045,-.69277811,-.55802935,-.65390486,5.0437055,-.049125493,.69297129,-.49440318,-.44667006,-.57078278,-.30885294,-.21614267,1.0200901,-.095934086,-.53515929,-.55808169
.2351678,-.35810471,.88542563,-.18097103,-.51603693,-.27838275,1.10127,-.78793103,-.19228993,-.64572275,-.46732491,.52383178,.3280884,1.2812533,-.47341192,-.88160259,-.84136933,-.87053436,1.74314,2.3041072,-.74900371,-.36130482,-.039165474,-.26521412,-.76919937,-.22513023,-.43797249,1.5941392,-.64958966,-.68536437,-.57427937,-.59614164,6.1358051,-.33332539,.23431747,-.37727559,-.72017181,-.34863693,-.93409497,-.22919875,.61140013,-.23774287,-.61672306,-.46617141
.81288785,.060255241,.61479652,.66301817,.7647692,.59582061,.23207945,-.25542623,-.19116998,-.56695336,-.31727043,1.6673028,1.74974,.81361049,2.1767006,-.84725583,-.75421602,-.79756939,2.4253633,1.5451062,-.746324,-.086263187,.90898919,-.19111377,2.58846,-.43850341,.97614247,-.0081366431,-.51985162,-.65308648,-.40228939,-.57274532,4.0929751,.11946715,2.3850973,-.49407119,.21463506,.30698046,-.86567056,-.13306355,1.4663484,.32043701,-.30150616,-.48183167
1.2959484,1.5798469,2.6841927,1.613139,3.611352,1.59284,.95627147,.22514838,3.6862686,-.28891948,5.2997904,5.000586,4.2835369,1.3805013,2.9389868,.36439455,-.78445232,-.81398851,4.2473626,3.0421655,-.50915271,.026684772,4.0513768,3.1455519,1.4582659,.38450703,6.5952268,.84193701,.76543003,-.67724538,.13393079,-.65566969,3.6688008,3.8066494,4.3549356,-.56726104,.31989884,1.455917,1.3731132,.18607247,4.4721084,2.7610974,-.31289119,-.39502257
.56742167,.89942837,3.1182945,.7058602,2.4600308,.48700777,.14505485,-.51907951,4.9245033,.69130081,6.0623217,2.805619,3.1542327,1.4283922,2.6476877,-.23947929,-.58622134,-.87578404,3.8463688,1.6861478,-.48847273,-.059279595,4.4975576,8.6436625,-.36551827,.82495087,1.058332,1.4639465,.049792822,-.67087334,-.12540942,-.64351755,1.7149692,5.1299629,2.9206145,-.46948376,.56848824,.74667937,1.7447495,-.20303439,3.310142,1.418425,-.43574455,.070345044
.48202959,2.4130375,.18876515,.99391997,1.1210153,.36178374,.70930362,-.097930066,.78293288,.58586776,2.3483696,.72202635,2.4268968,.60182434,.93328977,.29741549,.041111104,-.82616568,1.9058077,2.928221,3.5391521,-.22402488,3.329303,1.9886706,.48730701,2.8325129,.26328343,1.359006,.12247743,-.65357351,-.13228631,-.60942292,.80489719,.56206506,.86382788,-.36428878,4.1671815,.097785175,2.03076,.12984967,2.8834097,1.3196969,-.40683752,.31109044
.044831414,2.8123538,-.64516211,1.6826857,.33754075,.40031019,-.54559314,-.48068824,-.34057811,-.098357767,.15012547,-.59229785,.3580924,-.48821914,-.16865306,.75075531,-.26615527,-.91133845,.08999633,1.4487926,1.5181935,-.22838295,1.067476,.69050568,-.29788849,1.5627702,-.37445423,.04967846,-.68494517,-.67721891,-.49310452,-.64860624,-.11659721,.45535007,.55439997,-.46076363,-.16982786,.71045965,-.67923838,-.14519544,.32776886,.41521838,-.4101238,-.46130192
-.11567043,1.2986516,-.57079494,-.068197638,.41506335,-.47126508,-.58544761,-.9616912,.024918312,-.41755438,.23296326,-.45645863,.82260329,-.58646142,.076727524,-.36823103,-.83058375,-.91686577,.99948227,.84467834,-.10087734,-.26491565,.13440792,.99708968,-.51194459,.014169668,-.11051155,.012956942,-.46623629,-.69277811,-.54123712,-.65703613,-.033832639,1.6763209,1.9643632,-.54824358,.26058313,3.6950819,-.33964261,-.043386247,.60014504,.57005036,-.65774131,-.50952893
.72968805,.38931957,.039505698,.13398424,.46809721,.14272192,-.13449869,-.72043979,-.11358229,-.50605106,2.0896206,-.06364423,1.4233403,-.55411899,.61039621,.15215854,-.82132047,-.91309941,.48376513,1.4988045,.00037619311,-.49560028,.70520008,.51383817,-.45375928,1.4051913,.60608721,.53333575,-.17412685,-.62086254,-.57163596,-.62213749,.3043786,2.1984479,1.3337816,-.11853065,-.26691604,-.044883825,-.34929174,-.10249569,.95614129,.80309892,-.69752663,-.48671129
1.1947358,3.3915155,.042525731,.49614787,2.1650832,-.57079864,1.6711961,-.46613055,.73271352,-.29384613,.23565075,.47054303,1.3305204,1.6301062,.89465749,1.5298316,.95532244,-.86863601,.37735188,5.876297,2.0599241,.56151199,2.4818406,.96283662,-.06106529,7.0180988,.96696466,-.36809349,.64983404,-.58331609,-.45858803,.055513907,-.089672945,.52827775,.30175546,1.318495,1.1075435,-.44009352,-.7159586,.013738672,1.6654609,1.8197317,-.48197979,.20622672
.96696645,3.7857609,-.13522458,3.0853746,2.0411835,.62124521,.96334124,-.074753873,.13240248,.54596698,.30896899,1.0831829,.41581011,-.69849205,.77446884,.56995314,1.6524451,-.55328625,.61652559,1.1599759,-.2057461,.66991764,1.3496503,.50564265,.025169266,.93258256,1.9257715,-.11817563,1.4237206,-.53526926,.048878051,-.39237249,2.2560189,.044656064,.11735546,-.54947072,-.25214997,-.54352224,-.14182848,.17925206,1.886687,1.157514,-.44085228,-.3984611
.33133364,1.0577303,-.2800121,1.7167366,.047242563,.0068117944,-.47998035,1.1891493,-.037784919,-.25912854,-.29791239,-.046088748,-.06332501,-.63075054,.29148969,-.35858345,1.8407029,-.33159101,.052993886,-.32452101,-.6555146,-.207421,.65184337,-.24408309,-.4283981,-.15081884,.4348461,-.43419337,.41849616,-.46992123,-.45043704,-.4949874,-.50474942,.0021392421,-.13370185,-.49843949,-.22421354,-.51063579,.5131191,-.20264731,.51725501,.2108686,-.31363767,-.44668776
.90768987,.29010779,2.0572431,-.077094607,.90912825,.550143,-.12147157,3.5479078,.14606825,.83658594,.3842262,1.4036345,1.0993453,-.66789353,-.18370399,-.28678253,1.1178889,1.4098537,.37340793,-.55010366,.16145946,-.28588924,1.2540236,.30127442,-.20473556,-.39400256,.13799317,-.22497581,1.4514043,-.26243809,-.64999443,-.36044234,-.1697962,1.0712525,-.17516167,-.53854334,.011750385,-.65473533,-.3273693,.074198842,1.690217,1.1310072,-.3216275,-.49666187
-.010541629,.30662581,.26229948,-.51219219,1.537171,-.299768,.012026327,-.16369799,.72215682,-.3254683,-.132154,.20375831,.30106446,.92310095,-.079536498,-.46937412,1.376713,-.37263811,-.14182661,-.4671177,-.33758304,-.42718679,.73187256,1.1625173,-.097684555,.66696155,-.099037118,.023415627,.71590745,-.51687944,-.63061386,-.41299337,-.34859255,.069444098,-.23031989,.10227345,-.20767406,-.55616748,-.46811813,-.13536245,.44350341,.15464188,-.39855844,-.42042118
-.29098824,2.0582623,.4261575,.022953384,1.5366282,-.16152006,2.4096482,-.34888795,.19025956,-.21992087,-.21565516,.38409743,.35556999,3.1976614,-.12115698,1.2928594,1.6382958,-.44561255,-.095401287,1.6011016,1.2584877,-.33655646,.81077838,.79598957,-.17677848,2.5196352,-.17534102,-.067533575,1.5815974,-.54361695,-.31030232,5.1078525,-.13785191,.92588365,-.24836418,3.2282095,.93057114,-.45999017,-.16350088,-.22068585,1.0436413,1.7886698,-.50532407,.17781755
-.0055257217,2.6201482,.51497918,.5604434,1.7712187,.57059681,3.7919722,.36070102,.7572636,.31179136,-.29187185,.77716529,.1734408,2.0529208,.40488988,1.7136098,.91346222,-.40518293,.23873687,2.9240377,1.4761026,-.20057257,1.1177055,.32729861,.19674517,1.4627287,-.21610178,.15842022,1.5177357,-.52364099,1.4914114,5.8730583,.25929743,.40960252,-.29301932,3.0704246,.86989999,-.48774421,.52581149,-.2228013,1.3576545,2.0495644,-.090694599,-.017337494
-.52376944,1.0335889,-.13306756,-.63258702,.27588999,-.55533385,.80181646,-.54065627,.17839891,-.36687979,-.49077141,.027655415,-.169844,.055127472,-.46501395,-.15241666,.27287433,-.76196539,-.25574544,.49935684,1.2029874,-.60579777,.14252894,.088427357,-.93929791,.2779797,-.37381133,1.6692865,.23439009,-.57916933,.36588866,2.5255666,-.61855876,-.091502853,-.050811935,.60625356,.20190334,1.0765892,-.42549977,-.24227154,.06323234,.11744871,-.80150414,.094808057
-.50864297,.65972638,-.37788463,-.76779705,-.010474003,-.82768828,1.9400573,-.19439463,.1060598,-.15773918,-.41760167,.46283764,-.073756576,.61583012,-.43726283,1.553038,.4415966,-.4758268,-.17715491,.46646205,.74474674,-.61440015,.038491249,-.045798987,-.76800412,.45084491,-.21229886,-.09429241,.5994004,-.5388189,-.39170179,2.8725646,-.40010291,.37895766,.79283714,1.3682194,1.2258942,.22590388,-.39764434,-.22913007,.27741781,.37976772,-.59716308,.52142793
-.32925841,1.0553677,.49298942,-.36897084,.85127032,-.64447665,1.6534526,-.033948667,-.084442787,-.16697344,-.48212451,.84715396,.09776108,.01084223,-.35202014,.8198151,1.2403893,-.50979215,-.11187346,.083465196,.44850627,-.38620406,.25591123,-.16107267,-.69067419,1.442404,-.25408021,-.25889757,.42532226,-.55101794,-.53210038,1.2040178,-.45558238,-.18735288,.0057987571,1.1973765,2.4846001,.28746086,-.54999655,-.23824483,.37895441,.4283824,-.14353691,1.7303711
-.06390471,.018758461,-.61895806,-.13500024,.86682725,-.31561226,1.3498014,-.7059359,-.23379408,.62948078,-.031920291,.27714986,-.006802029,.47976959,-.22446562,1.3173919,1.257369,.064430669,-.4680208,.17335948,.31443527,-.53364468,-.2982789,-.24235617,-.16679816,1.2263687,-.091442123,.08206661,.76313615,-.33623889,-.65454662,.75109732,-.49915934,.089571819,.86384237,5.4727674,2.0374386,.31663862,-.18587339,-.2215465,.45103627,.48143524,-.64409769,.23136343
-.43569449,1.5274159,-.25364283,-.81084424,1.3642381,-.94265556,.18640116,-.46445543,.34736702,6.0110474,-.18769404,1.5782225,-.081367664,-.15436423,3.1839156,2.3882346,1.5686766,2.6386023,-.16794504,-.28500897,.19172618,-.43601409,.12383205,.5605002,.80348188,-.15462743,.51318371,.047425538,1.5187646,.47255483,-.53184038,.36952683,-.16337356,.49359784,.36936858,1.2537603,.34388936,1.0141783,.7294786,-.22318396,1.523553,.89454097,-.3237969,-.15506287
-.30905545,1.0104584,-.17010491,-.23244742,3.2351711,-1.0990396,-.16432565,-.19500382,1.2142867,3.7783945,.42826483,1.0730712,.23436326,-.045800701,3.256856,1.1525236,1.6895988,1.7027456,-.18185054,.10783368,.33004695,-.44768,.52662808,2.1744564,-.99755436,-.096527763,.44858348,-.24997783,1.7961142,.72431916,-.67735785,.20530958,-.39053008,-.054175038,-.45223656,.27132198,.80898428,1.7508807,1.4119309,-.21598805,1.5501634,.98290724,-.6739074,-.28384107
-.11535403,.40985757,-.59462136,-.42345959,1.2411958,-.80383027,1.2654594,.072154753,1.3810127,1.3594151,.54098809,1.0291698,.19561552,.33325639,1.0158048,.76323289,3.1690409,-.21899623,-.24856937,-.23780863,-.13863353,-.43276879,-.022855282,.56182849,-.62058258,.064491086,1.8134499,-.57465047,1.863107,-.37977371,-.61425912,.030418726,-.65611613,1.0355357,.46491712,4.6056213,1.9032489,4.1266561,.11246502,-.2447295,1.4746748,1.2885274,.10640084,-.34367013
.10543972,-.15609598,-.48937002,-.53282177,-.01033724,-.41215903,-.30707064,-.5645957,-.15059365,-.20561685,-.020097317,.50526237,.90027517,-.59952545,.34449363,.088169217,-.15562642,-.68322659,-.22580928,-.80836618,-.39981705,-.48649168,-.31122285,-.29322293,.14981967,-.73650843,.29075754,-.52218312,1.144326,-.61701107,-.73783916,-.28124681,-.60587901,-.3223899,-.055607546,.35714379,-.29619452,.19107051,-.47140935,-.21745367,.56286198,.16024855,-.13700183,-.3167285
.50963622,-.36833829,.86870563,.11566203,1.0203761,.62063116,.22347668,.48697311,-.22338283,-.074634388,-.1640882,.76482314,.030572642,-.39049816,.13656387,.37059876,1.1094147,-.51849806,-.19908836,-.31513697,-.34704727,-.22501655,-.49124902,.24084289,-.23582071,-.19495995,.060785886,-.019873355,1.2587014,-.61450839,.044764869,-.071733996,-.36141744,.16049446,-.20594303,.50386554,1.3955981,1.7348117,-.61864108,-.23990932,.2734898,.38268298,1.1717213,-.26346964
.1136675,.62025875,1.0794766,1.3690799,1.0631518,.65521598,.31202564,.99629915,.63923126,.20300832,.8863557,1.4779541,1.9308635,-.071612403,.22426455,3.0209057,1.91593,-.68596447,-.11513674,-.37097064,.21581061,-.216903,.36955017,1.092057,.39486441,.0021736089,.68403023,2.8643274,2.3744118,-.48014566,.20635653,-.026260376,-.43511829,1.1061494,.57454562,-.11782325,2.2121961,5.1647887,-.52632117,-.20884885,.9582513,1.7053611,.87464964,.31766379
1.8375229,1.0776047,.41090891,5.4574552,1.0294,3.4659538,.94037133,.93510509,.47985625,.22509652,-.11876862,.54144549,.892739,.87874645,.053839497,2.9574771,3.2257082,-.67985094,.02093254,-.53237104,.064930297,.44553703,.82023114,.25568712,3.600338,.14017518,.46796757,1.3868703,2.3246837,-.47839648,.1244175,-.14559719,-.030992039,1.0058131,1.0283165,.47157234,.98122835,1.537153,.1650718,-.22340417,.75993752,1.6715547,1.7513314,.30706716
-.083130792,.69106615,.87421227,1.8691139,2.1089652,1.6096565,1.4230155,.43946931,.02685098,.27074382,-.01759344,.81921136,.71060628,.438813,.17541324,1.5426751,2.9212012,-.39719588,.41572168,-.55791366,2.8351681,-.15288593,.34588596,.17968306,.40937942,.16719784,.33993542,2.5520275,1.794008,-.33002618,1.2235309,-.27817705,-.16762321,-.13674627,-.079838403,-.051234826,-.1701334,.41445017,-.18266553,-.22514734,1.062778,1.2406622,1.7461785,.45414045
-.15600644,.088851891,.086487941,1.1192917,.41511545,1.6219072,1.3599236,.2906906,.13662937,.028770078,.31283298,-.10456809,-.18341239,.68370074,-.28916231,.60972565,2.8672442,-.6153416,-.22700521,-.41987562,3.8185008,-.221081,.049244545,.016781332,-.080942295,.40269127,-.072103359,.24979423,.28797707,-.59592247,.060486853,-.25559658,-.39924082,.23038299,-.103911,.21278727,1.0807226,-.12860379,1.3334929,-.23810533,.13133693,.28862262,1.1695205,1.8081453
-.13961607,.30476776,-.72747558,.58376527,.12819441,-.1561771,2.0889249,-.51441944,-.47134122,.02490136,-.10558412,-.21097803,-.19693768,.899297,-.39355114,2.8689885,3.1420202,-.53781533,-.25878823,-.38595596,3.3219385,-.52141422,-.37678322,-.37992045,-.059817463,-.081482105,-.29234824,.69146878,.27225924,-.48776039,.4114342,.0040389732,-.52161574,-.40463659,-.60965449,-.21909572,.72691572,.0032055054,-.7268284,-.23971966,.17826952,.42593756,-.30501708,4.3157139
-.054256111,.68705988,-.57463473,.1059804,-.016069163,.0018882549,1.5628684,-.51754785,-.35000423,-.12654381,.1437165,-.21880054,-.19798088,1.7030047,-.286347,.89622611,1.1851418,-.39150599,-.39456764,-.33572662,1.4570035,-.42690966,-.29784635,-.32324031,-.052107226,.71156585,.037578918,.88542527,.11830113,-.3779898,1.0904359,.20704892,.013622588,-.35967016,-.56897533,.076167986,1.7437447,-.23032996,-.86028069,-.25345862,-.23310329,.27964616,-.20391864,4.6761723
.018961046,.49309048,.074951515,.14525568,.45612696,-.21443027,1.5367508,-.18104789,.20980947,2.5537775,.69643861,-.024204854,-.23774637,3.2061367,-.35043117,1.0502157,.58018756,2.1901894,-.1245958,-.13758503,.47865066,-.34056395,-.090372816,-.11789985,.035245541,.17132603,-.11435615,.18615679,.67171907,.13297866,.28567344,-.09972614,-.38579202,.29446813,.078629725,-.29456276,1.1675332,.66136116,-.098674163,-.24400163,.12352416,.70010996,.001273216,4.1457286
-.43049508,-.41693869,-.4099398,.43842503,-.58595592,-.7523548,-.041094244,-.69372237,.079184808,.18767011,-.00055100978,-.11818081,-.40101174,.29247668,.40146279,.24562059,-.084636115,.51755005,-.33522999,-.51462418,.23460251,-.56744438,-.54324442,-.49812117,-.5280953,-.43981394,.41450241,.3342019,.27263656,-.48513293,.21935268,.18199785,-.39069587,.12131844,-.26830509,-.39224225,.65086943,-.40028504,-.76099557,-.23410079,-.57527673,.26841673,-.68160903,3.6102324
-.26073724,-.21717659,-.32209882,-.21273017,-.29149294,-.20054922,.3156209,-.49535,-.39708051,.85382825,1.0423428,-.082804918,-.52651376,1.3948253,-.19820751,-.43091148,-.12109839,1.0758049,-.47217062,-.06178062,.49385217,-.46048313,-.44210529,-.25232628,1.5034654,-.079372376,-.1117029,-.31102097,.33310339,-.21416385,-.48719668,-.089403056,-.40691751,-.20584419,-.36802018,.0556028,.83196563,-.30839053,-.92352182,-.24374506,-.54565609,-.027739616,-.34805313,1.9776348
-.36135301,-.477299,-.68000346,.0083760526,-.037549619,.5637418,-.079901032,-.57626718,-.50746155,2.7482693,.73298222,-.26939225,-.62332517,.93137622,-.66283232,-.55795854,-.28036991,2.2997735,-.47178668,-.54758948,-.010039899,-.45238721,-.6978265,-.21624354,.43015385,-.55041111,-.33634162,.077974446,.34632385,-.32782,.45864135,-.27108759,-.29440528,-.076056048,.44793344,-.26748887,1.3153263,.042076163,-.8683328,-.2375461,-.53255236,.043089692,-.56340259,2.3086393
-.33951747,.10376115,-.59790504,-.53316134,-.46438023,1.8300148,.59109598,-.5414356,-.38969094,.87336344,.65007347,-.64676136,-.66896993,.5828774,-.49389255,1.8265758,-.15481074,.61446017,-.49127147,-.3495377,-.29009748,-.48082307,-.73503846,-.36865702,.66516149,-.35816932,-.088976569,.19047813,.12494992,-.41725168,.045014594,-.14204846,-.5095439,-.07311929,-.63953227,.5306716,1.6904212,-.31686306,-.75793797,-.24889141,-.68462944,-.14980659,-.54604763,2.2897365
-.34997585,-.61162424,-.83559984,-.75800645,-.56406993,1.0511276,.40656644,-.79735315,-.35887453,.073604263,.52180588,-.53687042,-.65178639,-.034185566,-.67536551,-.34974825,-.23053123,.19183497,-.59950358,-.47829762,-.4928776,-.59502316,-.76586145,-.55529326,.055416781,-.41328681,-.26893041,-.21462454,-.036141917,-.58589876,-.40113577,-.28670597,-.67469382,-.21897072,-.53569907,.13470632,3.4462876,-.55238116,-.95666623,-.23862642,-.9100017,-.40755486,-.6456452,2.8549397
-.12484486,-.31246394,-.21338435,-.48512188,-.33168355,2.3826005,-.27753139,-.73538053,.27936128,2.194869,.60903209,-.25296298,-.66341776,-.33559775,-.16405694,.091817372,.26429671,2.2714252,-.54643816,-.057312164,-.3945111,-.54398674,.30798513,-.49849606,.17708184,-.39927796,-.31890774,.25907448,.0031505718,.90477991,-.38701349,-.43712819,-.57066387,-.47643092,-.7147041,-.21737918,1.6210054,.14598387,-.9740901,-.24662943,-.763026,-.42196876,-.51229256,1.1950203
.20571421,-.71867913,-.065578133,-.1107288,-.47153509,1.3406873,-.64498341,-.36902198,-.14944167,2.2568843,.48036921,-.64826536,-.73031253,-.30680388,-.78204495,.4900668,-.25049007,2.1636689,-.45757529,-.3155748,-.35745993,-.34839281,-.17064974,-.30292401,.70966661,-.60927218,-.58463937,1.0101141,.056133978,.88140714,-.13627031,-.39687076,-.45061123,-.49770623,-.69515133,-.44004655,.43034247,-.37013426,.60364413,-.23740569,-.61628187,-.33696491,.3534421,-.012682824
.84518045,.18154487,.14736259,1.0769236,-.17708561,1.8653177,-.31311095,-.5628069,-.27128643,1.7160474,1.4804872,-.41943222,-.53068143,-.20126869,-.60324728,.42777461,.17248197,1.6621974,-.35107395,-.33848014,-.30892,-.4279575,-.21956745,-.25656399,.86273414,-.15655924,-.33597526,7.497479,.25926253,.39875671,.81668925,-.049390852,.3544634,-.43043169,-.39064708,-.093031645,1.5728258,-.16779457,1.6742743,-.25585386,-.66966224,-.0033046589,.22990076,1.2698079
.08296562,-.696805,-.49524453,1.2113093,-.0014411003,1.5229259,-.48830149,-.77487785,-.4571135,.50708449,.40562251,-.52680779,-.60778421,-.30178818,-.63282704,.51349789,-.37929997,.93206853,-.40086097,-.52123165,-.55029434,-.41559801,-.40073061,-.26187676,-.14273189,-.47890675,-.27306643,1.9902278,.078531109,.29519239,3.6468153,-.16380802,-.085280657,-.099250339,-.24245381,-.133341,-.57529819,-.3669171,-.49906549,-.240262,-.57812274,-.43936548,-.024042353,.13963903
.10040225,-.74523532,-.25186217,1.8361428,-.063853137,1.1295165,-.61601979,-.26567566,-.66604716,.45949402,-.057618499,-.52255768,-.34354076,-.37900433,-.69246161,.080623679,-.029376024,.79486644,-.45687231,-.42221466,-.48162451,-.37355551,-.31512761,-.45390233,-.39464709,-.46012843,-.35123575,.37182653,.18227474,.41265669,3.4376006,-.20052446,-.15932533,-.38258174,-.4257651,-.046314631,-.48974672,-.28354555,-.39228392,-.24714504,-.45911929,-.28057617,.067756012,.0068073673
.42276433,-.7345587,-.21449895,.4037016,.03094976,2.398021,-.34652385,-.43064117,-.34778324,1.3503975,-.38422087,-.70874429,-.32729384,.1884941,-.74468648,.096359126,-.3337301,1.3281679,-.43563899,-.56384039,-.142987,-.32258376,-.35969436,-.25475672,.028034683,-.66924918,.093532473,.013977779,.37899309,.85333091,2.8319259,-.28957906,-.24533027,-.34407812,-.22825818,.087096788,.639301,-.47898707,.80949545,-.25853032,-.4568558,-.026527675,.41803589,.21407588
-.061675176,.0038243791,-.066453055,-.061561618,-.33651939,.2501092,.19242191,-.41695786,-.42110959,1.0836797,-.46047577,-.61267847,-.45163816,.49049604,-.61095715,.49843362,-.097888403,1.0024823,-.40378597,-.15188636,.37243915,.0056858272,.0015453937,-.23688169,-.38182724,-.063521527,-.37525603,-.095856607,.75165159,1.0773237,2.2389247,-.26971787,-.23274985,-.57635403,-.54706639,.25977442,1.8261042,-.21501452,-.21625461,-.23153821,-.28034014,.27669445,.1745805,.9598642
.5718506,.22923219,.34315765,.17841955,.32325843,.014959098,-.027166894,1.0283291,.20992851,.89999074,-.0903593,-.12875111,-.083756462,-.33660391,-.098566972,2.8338296,.1543617,.99313349,-.15506724,.70704567,-.082130075,.1344714,.0039279447,.039822102,.55321437,-.19405341,.77222162,.25671136,1.8156351,1.4991615,.70787305,-.15353982,.096833758,-.14290388,1.2386816,-.25315636,1.0598031,.080020413,.084375776,-.22486229,-.34892961,1.0833787,.26025724,.53544539
.64798647,-.39999527,.63274407,.65920931,.81232142,1.3556354,-.56846166,.12872358,.30223119,.98323578,.22564436,.24119653,.40666917,-.24136211,-.17719303,.78363454,-.38161123,2.1282334,.3196066,.029211903,-.23733225,.45343402,.54585278,.16801968,.12339383,-.15013854,3.0403008,.33316737,1.9188811,2.0349765,2.2567637,-.33977148,.3260358,.13896133,-.091009259,.098162971,.23195969,.56453729,-.21666151,-.21538825,-.24227026,1.0978349,.55375475,.26797
9.6690083,.98209155,1.1198813,1.4448649,.76501,1.8088474,-.59008598,1.4375061,.3433519,.73668712,.44874677,.56813991,.3804644,-.086812943,-.20604478,.097557828,-.49056515,2.8089545,.32768109,.12985539,-.55206984,.71011567,.31534678,.14717855,3.0992508,-.56659961,4.0773802,.084929004,2.5613041,1.130443,1.1516796,-.37887183,.79259181,.02395835,.86014944,.22414434,-.096442342,.94560951,-.43188396,-.24045037,1.070699,1.9240383,1.3224487,.22175257
.77680296,-.53187221,.33098689,-.25750864,.51823813,1.086403,-.81104976,1.9876662,-.24803385,-.16528389,-.032207165,.19429967,.30434382,-.41741559,-.35133085,.041383639,-.32158208,1.0878844,.36745483,-.0060020946,-.57855254,.49989402,.21507555,.041868839,.28421134,-.026627183,1.2806356,.066897184,1.9182411,.21116902,.46813312,.37138999,.29470494,.45070973,-.14335108,-.086080492,.20596443,.10667113,-.57760656,-.19905698,.011030379,.94086969,1.1442981,.17180699
.24921633,-.64484483,-.093016624,-.22173643,-.4986341,.72965527,-.83675075,.92412114,-.42393371,-.38593778,-.076682642,-.63885009,-.47997281,-.29900485,-.51945752,-.030831626,-.5955267,.23498107,-.31110147,-.39432487,-.55316079,.18814524,.15938769,-.15844375,-.70503634,-.47522441,.24681087,-.36472368,.65904731,.66665059,.49641916,-.20937298,-.17076753,1.0444759,-.10917176,-.21519901,-.80225915,-.27962387,-.65483713,-.20691529,-.61000437,.13091138,.51227683,.019253071
-.14347187,.61801583,-.06385076,-.29977083,-.28572041,.22974087,-.9347505,.63964188,-.3765313,-.18094648,.11722042,-.52762902,-.45254388,-.48055845,-.54566741,.19551234,-.69023544,.75467342,-.17195147,-.54446012,-.41685989,-.027758172,-.17306256,-.022552591,-.16884722,-.18768024,-.27909049,-.058281202,.69445068,-.22197726,2.915643,-.37526864,-.13010538,-.15576774,1.2501773,-.43751869,-.71428567,1.0990578,-.94394183,-.19175701,-.73137063,.22534178,.040672276,-.051813431
.052977547,.066608317,-.18946786,-.18918478,.4142074,.22807992,-1.0966463,.66175771,.12023328,-.14967141,.00943188,-.26091611,-.28972554,-.46179664,-.64122653,.24214083,-.25332394,.69904625,.43635622,-.25422573,-.35636327,-.072384715,-.11924487,-.1445598,.24084993,1.4319581,-.22872929,.43369532,.57218009,-.046684343,4.3856888,-.34941134,.31912023,.58473051,.4421837,-.48524594,-.6296553,1.3386499,-.45866722,-.12263058,-.22068143,.26986611,-.47283006,-.21097454
-.088118918,-.56731039,.035087641,-.17654304,-.12051049,.02196967,-.7191056,-.62294829,-.37713742,-.46505192,-.17423271,-.4031387,-.259664,-.5227713,-.60770768,.5076583,-.28583834,.25510457,-.3266938,-.22502345,-.43272007,-.31715077,-.17916888,.31844735,-.12347429,.7815091,.10753942,-.11413889,.73186719,.63135356,1.2860111,-.28775564,-.3954618,-.29358798,.018961851,-.42352048,-.84878016,-.13860102,-.90352762,-.23436366,-.45238173,.13224639,-.41180575,-.24188142
-.31146407,-.89277035,-.48535126,-.38420972,-.58924478,-.51727921,-.89266759,.079335116,-.31485069,-.57624161,-.072987974,-1.0109624,-.68282467,-.58673751,-.59259212,-.53969193,-.56427318,-.021094337,-.54779506,-.694965,-.47856638,-.2010943,-.67662293,-.11066555,-.26007104,-.1501554,-.084588259,-.39506799,-.10875814,-.0087904288,1.1723784,-.44890505,-.28207594,-.49620828,-.17726141,-.39880162,-.72569406,-.15664715,-.91046458,-.24082957,-.99913079,-.49902362,-.44653729,-.26201379
-.3473458,-.56688046,-.15238473,-.098049916,-.54754525,-.69233,-.45316994,.66548932,-.50788873,-.48352453,-.3134633,-.73531199,-.38441873,.10315621,.14077602,-.66384089,-.32547337,.092779264,-.59404266,-.6277498,-.028218344,-.12770055,-.51339304,-.16946305,.46376327,-.16175549,.3420037,-.56456184,-.080220878,-.085247651,.43075731,-.423002,-.53459918,-.59100759,-.58108646,-.40770799,-.49719578,.24255419,-1.1265159,-.22145931,-.84089339,-.25313571,-.23118475,-.19903009
-.21268898,-.22356679,.35785478,.21555459,.80505514,-.2549496,-.44987237,.78560621,-.27941102,1.5253582,.96698105,.30244294,-.025465611,-.12593235,.24446274,.37929109,-.099130601,1.5270082,-.19196092,.35335812,.23445149,-.20469332,-.36987257,-.11485776,.10999982,.16737847,.71105903,-.12114947,.62508702,6.4045615,.44123605,-.26653209,-.19623099,-.22458793,-.087209053,-.41019687,-.30791768,.70495492,1.1531748,-.13533629,-.034814488,.89882112,.3284947,.20497395
-.27601832,-.47812974,.013993292,-.24466825,.035282604,-.68026412,-.40780234,-.14905477,-.28139186,.45316637,-.38275966,.36679685,-.21643922,-.048831411,.23069124,-.42085618,-.36352789,1.4193876,-.22208641,-.0043385639,-.29549879,-.34254146,.083576508,-.51277125,-.4751054,.02262347,-.17050408,-.098740287,.63325626,3.2302907,.69674027,-.10796581,-.012332279,-.38340786,.047623962,-.37290359,-.43944681,.31668729,1.1154456,.25967303,-.078089401,.96778274,-.19891393,.088368692
-.16147216,-.79302996,.19397616,.047764502,.006334567,-.88910252,-.43648371,-.10520415,1.1897659,-.33391231,.22415178,-.20153774,-.40641046,-.1020744,.029591436,-.20434025,-.21330377,-.05349154,-.28576764,-.36314285,-.19955467,-.34462902,-.0081204753,-.14652333,1.1937772,-.54432392,-.39862201,1.1977423,-.16144899,.29163864,.35352814,-.1145319,-.1984573,.13374054,-.28959224,-.24221331,-.48147705,-.088401049,.12360771,.24285397,-.42732877,.053775407,.44155329,-.16178249
-.16330956,-.75491208,.36333498,-.51408428,1.3562827,-.71583354,-.40076363,-.54477257,.48063374,-.28056145,-.55039132,.16729453,-.5465923,-.26443911,-.15435991,-.2703642,-.42837304,-.02696833,-.39814678,-.078266934,-.28754944,-.285099,-.4282206,.14625154,-.21322884,-.84398526,-.47826728,-.019771913,-.011748333,-.17613435,.17291835,.40930393,-.11709075,.03334843,-.35664037,-.263053,-.88689607,.069907635,-.052789491,.29087022,-.38083503,.38153163,.53763211,-.18649331
.14899492,-.67964506,.26047018,.012767764,.6400457,-.12415734,-.23219971,-.22383119,-.48643285,-.44866225,-.57645535,.25574538,-.39803064,-.36748514,-.22393842,-.41147503,-.065198965,-.16691408,-.60271287,.17632748,-.018812539,-.095460035,-.32328585,-.14884493,-.99336809,-.85562927,-.43462193,-.31890243,.059128657,-.034107905,.73473155,1.4272164,-.1748307,-.37414005,-.68719447,-.28705531,-.93826479,-.0006617133,-.27759776,.22645953,-.26124734,.60704613,.14351359,-.25173473
-.28022882,-.42256448,-.41652197,-.81922787,-.38536078,-.27754664,-.55263829,-.48644048,-.3665143,-.29294068,-.68054312,-.18375272,-.56160778,-.52813417,-.17266041,-.42562586,-.03512501,-.13981047,-.58792591,-.35181132,.4986563,-.1157729,-.013260331,-.34017584,-.53253788,-.61318445,-.52577829,-.58417428,-.37354839,-.20989533,.15895598,-.027587194,-.48129654,-.29080203,-.89157349,.048673052,-.83897394,-.20600593,-.65882027,-.04696247,-.64681202,-.42539617,-.48400816,-.23184012
-.44104472,-.62631381,-.81357479,-.85960299,-.61021405,-.62115121,-.49199995,.13010764,-.71927935,-.36182091,-.53409028,-.87382752,-.86424649,.10731187,-.42212719,-.42501211,-.18248841,-.029453943,-.6575309,-.6413694,-.32245547,-.29869279,-.76108116,-.22922757,.38233665,-.61703384,-.51126546,-.59915298,-.74991566,.25828624,-.36156297,-.255941,-.51080292,-.38907126,-.76052392,.46039394,-.82276535,-.48511943,-.29438251,-.14881608,-1.001718,-.89039701,-.58456373,-.42522916
-.32676026,-.51368624,-.89026719,-.88724029,-.78233677,-.61236674,-.56220049,-.39242414,-.74549562,-.36976981,-.062964343,-.89299321,-.91772461,.33533883,-.25691658,-1.1195316,-.35650104,-.2097362,-.74673134,-.60837173,.23365423,-.34233397,-.75364316,-.2090327,2.134326,-.87588847,-.45774129,-.39820674,-.80751675,-.0069046086,-.26367095,-.32103276,-.44218042,-.45137623,-.82139033,-.2585057,-.83089978,-.46703368,-.73754376,-.17603895,-1.150051,-1.1965721,-.68012917,-.44456303
-.27375945,-.17027479,-.88938832,-.36716226,-.53331202,-.69370097,-.055798154,-.023409413,-.65949267,-.43522972,-.68936616,-.5425747,-.79597878,-.058420375,-.59723681,1.6387552,.8555215,.062122218,-.59017098,-.59096885,.72952217,-.26087487,-.7750411,-.20920095,-.95176852,-.68526739,-.69496536,-.11865392,-.51341021,.43772152,-.035325464,-.12792283,-.56958455,-.55713892,-.34812394,-.20904478,-.51809502,-.50497389,-.51164979,-.19091302,-.48015022,-.72022915,-.62797081,-.42974868
-.47888634,-.30588815,-.1114715,-.685633,-.38618511,-.9501459,.20044684,.17090088,-.69740027,-.58658421,.065131888,-.6604737,-.68739623,-.31933111,-.29195648,.037618361,.77787566,-.40593231,-.44008771,-.68175071,.11047788,-.18033849,-.51230681,-.22776055,-1.1766404,-.70526922,-.64571637,-.18361473,-.44952071,-.22854118,-.45724607,.010232113,-.65692961,-.68196607,-.71758991,.60848725,-.35380113,-.55873895,-.37406811,-.16335958,-.6749447,-.71120834,-.45129085,-.35609362
-.47096536,-.73003739,-.86473852,-.56173408,-.58150768,-.69825715,-.50555384,.9545235,-.5369789,-.52803373,-.41148421,-1.0248698,-.94610757,-.44162703,-.69649184,-.25729468,-.033352498,-.14768925,-.75501901,-.95217729,.23860961,-.21268491,-.77751285,-.19838645,1.0075883,-.55858308,-.7567814,-.47083968,-.84812999,-.20208281,-.3460407,-.065744095,-.64239466,-.47568646,-.82265443,.16021407,-.034364142,-.38657793,-.97979546,-.21096374,-1.0959338,-1.217582,-.24694462,-.43231559
-.3433418,-.3650187,-.39766124,-.44681308,-.097421467,-.6707713,-.12441965,.9017064,-.6112234,-.13095571,-.49701601,-.85570407,-.71995533,-.30416727,-.4110007,.74201989,.65765941,.51506197,-.53921336,-.47350582,.37475413,-.23689866,-.56531435,-.051877037,-.0073728971,-.36596283,-.5906617,-.80558985,-.43023056,.78217942,-.56841481,-.014805133,-.49699455,-.36077517,-.4786264,.53709877,-1.0981938,-.30411926,-.35726064,-.1579435,-.75334376,-.3574402,-.4395715,-.37787607
-.26144952,-.19571792,-.82784694,-.42074183,-.074963689,-.79379779,-.39011404,1.298115,-.14521301,-.12075697,-.58063138,-.53180707,-.74802476,-.2787565,-.64719975,1.6164401,.98199493,.98577178,-.61206877,-.31237987,1.0038188,.073860183,-.58230239,.035084661,-.39798987,.34813401,-.62988889,-.62878823,-.47287059,.9860695,-.21132272,.48044765,-.37585029,-.22607784,-.6207124,-.14460422,-.74562615,.056575935,-.26791954,-.17787178,-.48733997,.1346906,.23927161,-.33682755
-.4359732,1.2747507,-.44001174,-.6581316,.33903596,1.3515217,.47010207,.56681502,-.58718294,-.10046655,-.44270256,.12587368,-.24647021,.63686049,-.63556349,.52828425,.92444015,.78441471,-.4216226,.59010231,.95924288,.32958472,-.3844811,-.192569,-.64815497,.17452268,-.53491575,-.16723295,-.31828082,1.1458858,-.14284745,1.5565387,.77244127,-.55929399,-.20195727,.042339452,.026271589,-.14726956,.80554157,-.183916,.24759392,.96599638,.34343693,-.2510868
-.51100963,-.026622301,-.60597563,.12503117,-.27853829,-.20557216,-.24831279,-.10971852,-.61719042,-.24977854,-.58609229,-.48003003,-.6206277,-.31610259,-.7992695,.023020485,.5786826,.15204248,-.4867174,-.27773929,.56164056,.022064494,-.29764569,-.4490481,-.80438578,-.40070656,-.61104506,-.51909584,-.7831642,.56708956,-.07924296,.60413218,.40572649,-.82758874,-.46165991,-.046355695,-.61719972,-.087252222,-.49653906,-.1531845,-.50426239,-.028928259,-.12724666,-.37947476
-.53245908,-.36336386,-.56630093,-.48744366,-.75539035,-1.0056658,.027027458,-.19866814,-.50943136,-.37689084,-.51559466,-.70761436,-.61799812,-.18868808,-.78817737,-.24210292,.63322324,-.0458312,-.65808326,-.329173,-.26156366,-.24547641,-.58060265,-.46044391,-.84227616,-.80264664,-.67694557,-.67096925,-.8412208,-.021357886,-.38578612,.42325762,-.2739453,-.70863062,-.89357895,.32604107,-.50118762,-.46214476,-.81655097,-.14242473,-.67550969,-.59290695,-.14054745,-.39519936
-.41986772,-.17845596,-.54311562,-.27262509,-.53075957,-.78324383,.91308951,-.36784661,-.31454059,-.12986766,-.050220396,-.28202435,-.44615141,-.16692156,-.75272655,.24544722,.70903701,1.0996258,-.55751556,-.12621191,.42878497,-.12980583,-.50438136,-.44893777,-.51255995,-.82435006,-.73631549,-.74484032,-.40037441,.19020034,-.34125042,.77333897,-.3651984,-.69775712,-.46443447,-.060056698,-.69562769,-.61140913,-.64678442,-.14063251,-.35198668,-.23487356,.51546764,-.35646677
-.52433139,-.24589275,-.68538111,-.70215404,-.85749519,-.86617738,.10715355,.10370352,-.64256948,-.14361235,-.4932245,-.783476,-.68419176,-.33097145,-.83826542,-.051362533,.04220501,.43871212,-.62817991,-.56688869,-.15757316,-.16096097,-.68925512,-.35342696,-.8175928,-.77607071,-.49640727,-.64812058,-.69351399,.38167968,-.17475897,.42193836,-.4110772,-.76775408,-.43333295,-.3425906,-.50516719,-.46084705,-.44057065,-.2375432,-.66726303,-.1988631,.035974018,-.34362572
-.50726402,-.4659358,-.74946195,-.47192943,-.77645081,-.86566436,-.16287844,.71014583,-.59843475,-.23208851,-.30772805,-.81599236,-.73581815,-.37520301,-.76998383,.18244915,.0047370326,.60843998,-.70187479,-.7138871,-.24792451,-.52517515,-.74279964,-.59224606,-.86546195,-1.0030843,-.4253003,-.67636544,-.73191464,-.15020673,.056003831,.12730642,-.58721346,-.83398056,-.68068308,-.19027914,-.29971275,-.5954147,-.83649111,-.078510895,-.88287884,-.66452396,.74096513,-.39648408
-.49542877,-.52244049,-.67727023,-.21704674,-.64669615,-.96319568,.15761009,-.036144149,-.35590267,.084292464,-.64633596,-.75800431,-.79397506,.0091694528,-.75593871,-.021957381,.080658846,.75555873,-.70607901,-.34366465,-.2989119,-.056790285,-.6431722,-.31840184,-1.1528233,-.81736881,-.38274527,-.62296671,-.59462881,-.076244995,-.5703733,.70851552,-.54148716,-.6797325,-.59752351,-.39147165,-.36577904,-.47193345,-.74603975,-.17711885,-.8832404,-.56068754,.73341775,-.39560577
-.48236772,.11115111,-.73381287,1.7394747,-.31290436,.055024568,.56224722,.62928647,-.16064191,-.11532374,-.57282621,-.78605461,-.65821457,.025235292,-.68419164,-.070941605,.047665108,1.1949356,-.6858722,-.48521823,-.21938075,.27716365,-.35989428,-.265773,-.87464988,-.84565657,-.56737012,.19001888,-.48213911,.24220768,-.43266448,.6575253,-.36619946,-.16337247,-.42182431,.17131622,-.017399227,-.61254871,1.1193129,-.15247416,-.73932886,-.24349588,-.097435758,-.3976258
-.47439623,-.30309439,-.33077756,-.04741516,-.38467082,-.7913065,-.0040974319,-.4882102,-.3860428,1.3504866,-.34584275,-.55447537,-.73637277,-.21768944,-.81180948,-.34152311,.18428637,.72260803,-.37333596,-.57842767,-.29607561,-.088567324,-.48417079,-.2460749,-.78687227,-.83431756,-.72622401,-.32318571,-.86900103,1.0557761,-.33487439,-.013082659,-.47363427,-.66717875,-.64195698,-.28137076,-.74687868,4.8204484,1.536473,-.22630903,-.79309338,-.43007916,-.584768,-.46437544
-.40310335,-.48255196,-.64982122,-.88483864,-.92628759,-1.1781881,.65602732,-.33815962,-.55569696,.54227883,-.71732384,-.71885759,-.69451743,-.22094183,-.81208819,-.21556142,-.35750905,1.7645993,-.72218454,-.63608086,-.10355623,-.25971484,-.60772312,-.36103988,-1.1281857,-.21724848,-.67331535,-.44813675,-.51274723,.90278828,-.39747396,.13011146,-.51151437,-.66911292,-.75594181,-.21052761,-.43362269,1.0299456,1.773065,-.21875781,-.65784317,-.50061488,-.013781146,-.42405403
-.53057545,-.33250397,-.63829595,-.37506795,-.7284686,-1.242599,.25437862,-.54482269,-.50133651,.13307524,-.58789539,-.59108835,-.67415917,-.0288906,-.77898943,-.79664421,-.25934973,1.1903793,-.67376441,-.46108207,-.057404883,-.2714144,-.52894908,-.20638826,-1.0618263,-.40044281,-.75776607,-.69282061,-.55194438,.63996762,-.43880221,.58334875,-.67681992,-.46251938,-.31625703,-.47243676,-.83909571,-.01252715,.25143284,-.18797062,-.67121595,-.4927896,-.49694374,-.43814138
-.48769563,.6180824,.67607415,-.50172734,-.1669849,-.97473222,.041886292,-.73655993,-.3743484,.17047358,-.31222034,-.20172846,-.13719991,-.28355396,-.38040763,-.59516126,-.13426559,.48856011,-.49171904,-.6699369,4.8451924,-.36560276,.025910871,.090229221,.2726405,-.16258416,.02532216,-.6876474,.49011233,.58688307,-.3614859,-.094754264,-.42547554,-.22872971,.057030972,-.40814936,-.81955791,-.15431674,.53111005,2.547492,-.41153702,.014587044,-.082261577,-.39171475
-.59082794,-.39821115,.13298692,-.67990088,-.60338646,-1.0813375,.27223283,-.2971873,-.32780004,.42294532,-.48570618,.39031926,-.23586921,-.057754479,.023726691,-.4460077,-.43977079,1.3812939,-.54930311,-.76043963,.48013118,-.33701879,-.57282406,-.35685518,-.63572872,-.56344169,-.52216262,-.56931347,-.063480414,2.2295074,-.44298986,-.13701798,-.26873621,-.20581202,2.0545416,-.38957694,-.89295268,.34829006,1.2043173,.7033307,-.4636786,.12411312,.36282092,-.37005845
-.40391329,-.33350384,.92205095,-.17717218,-.50196087,-.97760922,.30421123,.33855349,-.4177562,-.28445998,-.64431614,-.19135125,-.48806688,-.08803416,-.32925385,-.40649569,-.23569694,-.3474322,-.46669072,-.046643913,.47111529,.040060058,-.40406099,-.29179507,-.65197623,.088690341,-.2031834,-.28304443,-.23003712,.71437615,-.64498192,.80041361,-.30932915,-.049549673,-.24115714,.0034028268,-.88281745,.97911698,1.5696443,.46391478,-.69483626,-.2684004,-.12465274,-.30285466
-.58580375,.64736229,-.010607691,-.50231278,-.26084283,-.68856901,2.1415634,.10594458,-.49933192,.22461785,-.54715836,-.15383208,-.41793868,.99429166,-.66443938,-.075505182,-.020949904,.32166761,-.62955225,1.0542567,1.6404339,.51222056,-.3773022,-.15012808,-.27815393,.68630201,-.35249162,-.59191328,.45768139,1.807395,-.44338393,2.8963687,-.35996002,.10848146,-.57094705,.32599565,-.79916245,.1151128,1.4935211,.71872157,-.54960036,.43192503,1.2772828,-.29057673
.05842321,.042549167,.62975597,-.29619938,.69936198,-.56657666,1.4109123,-.077112645,-.16239463,-.24001314,.80468482,-.37357017,-.41452578,.36972377,-.50546783,-.5074411,-.093866758,.99429417,-.66025281,-.083207391,1.2368525,.47998309,-.592237,-.33633724,-.12476464,-.30317163,-.43793428,-.7681644,.15942331,1.8281443,-.58888245,2.0726218,-.75101417,.031636614,-.42651176,-.18295898,-1.0150441,-.5392887,1.8700113,.37386045,-.47139424,-.040538497,.83818465,-.33658752
-.17447682,.68096828,.037703175,1.9022464,.47309014,.29336277,1.4574699,3.5518107,-.42744401,-.20473416,-.15492073,-.22013462,-.48806557,3.6046746,-.64497739,.69182092,-.15287633,.37523153,-.63116634,.28532237,.3557792,.66513002,-.38612348,.75719178,1.0627488,-.27356327,-.43369296,-.40826151,.067107871,2.6126409,-.47449583,1.3490164,-.17906323,.24937491,-.50641698,.05847824,-.58882731,-.1698166,2.0732288,.26500288,-.42478094,.1365549,5.6763873,.29760635
-.43645221,.99993235,-.15101638,.34217376,.25878611,-.62916982,1.3849649,.73834908,-.39606035,-.3187854,-.35713384,-.35167176,-.34980568,4.6131377,-.58270586,.1647075,-.28979331,.15840434,-.18293138,-.32768476,.90955019,.067514688,-.37511158,-.32528487,.25451508,-.11654449,-.51664895,-.56986624,-.41195461,.93070257,-.42799988,.29418018,.11507724,-.36035985,-.37122741,.31345972,-.634363,-.58707893,.78158116,.25457069,-.56202787,-.082889512,2.8566546,-.2374357
-.54974478,.84975928,.46893457,.17670631,-.095100105,-1.0328263,.91421998,.040950716,-.20135303,-.27351984,-.26053497,-.37893045,-.33107576,1.7635128,-.44387332,-.28255558,-.14280763,.46495086,-.45118237,-.54610938,.11394023,-.080709256,-.519279,.15819658,-.24025457,-.56761301,-.1457836,-.5632425,-.22224526,.50378078,-.024767524,.14097786,-.53974855,-.069534689,-.20462115,.60358709,-.50164902,-.53186625,.83321077,.67155683,-.55955642,-.21356209,.44364074,-.33732539
-.1339664,3.6983247,3.9236398,1.8475983,2.9811151,-.4265874,3.2598553,.47256529,1.0795578,-.019929813,3.7367678,1.0176002,1.1882731,3.0105646,1.7137889,2.4814973,1.9364499,.41638705,.50455892,1.0131419,.26054254,.11628893,.73033339,1.2259265,3.9497275,-.41923502,3.5290928,-.35369536,3.8148041,1.3575455,-.22179268,1.1630911,.66366279,3.7397673,.33305889,3.4102542,-.60172105,-.31451544,3.7360599,9.2408066,.86785728,1.8576865,2.3242109,-.24198966
-.24452679,1.971841,.67777228,1.9844663,1.2142015,-.38090494,2.4867871,.47704315,.47289449,1.0768107,1.24361,-.064844236,-.034183703,1.4853603,.84278011,1.1295266,1.7485348,2.1748066,-.20611764,.041152056,.4965705,.04073222,.33111614,.94547695,3.6194623,1.1277763,.57827181,-.56163388,1.5537286,1.6570064,.61913764,.81655294,.059023857,1.7439134,-.24161029,3.5759721,-.78931546,-.0094696824,2.1550493,4.8527608,.000205366,.82677436,.33774397,-.22763357
