-.072069533,.032944959,.25006059,.22111337,.021078395,-.17807896,-.38803649,.06259802,.088200159,.021258146,.28032902,.2385314,.20475791,9999,9999,-.30084595,-.20075946,9999,.11130594,.2499797,-.30411521,.13101572,.099998556,.18427759,-.12555285,9999,9999,.34208867,.49253342,9999,9999,9999,.11379363,.13361704,.17336182,9999,9999,9999,.15031259,9999,.10380877,.097840756,.59797716,9999
-.028311765,-.02397956,.2301148,.30597591,.063139848,-.11467391,-.32609931,.030293744,.096131347,.015072467,.23117845,.16915146,.18717787,9999,9999,-.26932174,-.21527094,9999,.10351409,.24527338,-.19256641,.18506786,.11890699,.17080218,-.093286186,9999,9999,.29753444,.48391402,9999,9999,9999,.16317943,.12000502,.13097008,-.13663037,9999,9999,.15878424,9999,.094328336,.17299478,.49240321,9999
-.088926844,-.040126439,.21871822,.24151883,.11631453,-.079839535,-.28493148,.00080997759,.087732665,.044046264,.17522186,.13798843,.18132862,9999,9999,-.17743531,-.23539035,9999,.098094307,.15137514,-.19715162,.081029467,.13101688,.14968537,-.078133799,-.20723435,9999,.27577773,.53360248,9999,9999,9999,.1148547,.085273638,.12449086,-.12525541,9999,9999,.11150501,9999,.092645898,.14701699,.49033782,9999
.0088005681,.012894724,.21069807,.20847359,.097411044,-.2021798,-.28599581,-.03140891,.11340963,.041154109,.20507008,.15171592,.19328986,9999,9999,-.1528732,-.18362544,9999,.087854698,.1798629,-.2766057,.15903945,.10055138,.11060781,-.050444048,-.03960913,9999,.26255637,.42844683,9999,9999,9999,.10133487,.10769431,.076147959,.042527299,9999,9999,.099842146,9999,.057014134,.13440815,.4823361,9999
.073335238,.053705238,.20663469,.16023725,.061344814,-.11436297,-.29417267,-.061717328,.10386469,.025380561,.20426266,.15219599,.20319058,9999,9999,-.13813908,-.17277658,9999,.085425489,.14808157,-.32001644,.14735451,.085137218,.080961637,-.055727929,-.22462037,9999,.24805827,.49614394,9999,9999,9999,.077505663,.11343071,.091694102,-.0040164841,9999,9999,.059723042,9999,.04779347,.13037822,.36733931,9999
.16175148,.038536217,.2055496,.14151594,.12418825,-.14251608,-.25121409,-.091029853,.088591173,.010435404,.18134774,.15807945,.22386581,9999,9999,-.14721288,-.16322482,9999,.082456067,.094404958,-.24256489,.2179343,.1051439,.056448542,-.022652043,-.19394638,9999,.19182424,.34178913,9999,9999,9999,.049743582,.081802875,.10052734,-.19886287,9999,9999,.091042459,9999,.065474093,.17692079,.27778423,9999
.15476634,.078322873,.19769864,.20375583,.18128683,-.073649555,-.20880303,-.10900246,.084732562,.057170928,.18317482,.12478413,.20148586,9999,9999,-.10975894,-.13999029,9999,.088901363,.18225148,-.15963134,.17715478,.096414924,.065393589,.016475273,-.18800604,9999,.17050132,.26345214,9999,9999,9999,.08270441,.12928115,.15631306,-.16426276,9999,9999,.12974089,9999,.069105707,.17568748,.13229837,9999
.11823672,.090270534,.18423766,.16110595,.16898727,-.010011843,-.19714369,-.08962772,.088248141,.048621595,.17807619,.18301256,.20970613,9999,9999,-.16491696,-.11913716,9999,.086068407,.17649668,-.17673676,.20553124,.049541794,.076621644,.040286709,-.16709125,9999,.16626488,.19168763,9999,9999,9999,.092652202,.1619844,.13236281,-.037882514,9999,9999,.14056578,9999,.070028692,.1187633,.053962775,9999
.15761018,.094595909,.16708259,.072372958,.067902863,.060844898,-.14419729,-.078969553,.086700812,-.0105341,.14658877,.16009031,.22886589,9999,9999,-.14326189,-.12289989,9999,.081136696,.14363754,-.21371539,.17464335,.040827524,.073769093,.021245871,-.14316107,9999,.12201723,.23790284,9999,9999,9999,.11057208,.11300045,.086743645,-.027324507,9999,9999,.10396942,9999,.0095534539,.019023059,.045136988,9999
.14966054,.14264411,.15949021,.11286151,.12300723,.0023132567,-.052556131,-.072821774,.091248319,.06320031,.1490401,.17200707,.2151686,9999,9999,-.0069834208,-.081226557,9999,.070794359,.10141093,-.14747995,.17460044,.065028809,.058981583,.00034382645,-.15696339,9999,.093009979,.25329289,9999,9999,9999,.10972086,.080155544,.10826842,.089398928,9999,9999,.16853762,9999,.016045269,.088622354,.0047385562,9999
.16479973,.1760269,.16524114,.087081723,.15791713,.078278258,-.0040919958,-.061092351,.087850198,.014116381,.13251747,.1031322,.20651805,9999,9999,.0013325515,-.028745791,9999,.05026444,.07617785,-.041311275,.15421903,.079863071,.065508008,-.019993275,-.047172736,9999,.089544952,.28680128,9999,9999,9999,.060943067,.10025007,.11508038,.13283631,9999,9999,.23662268,9999,.019606248,.049217504,-.039348871,9999
.13165453,.14216368,.16832533,.089457132,.17365775,.056866147,.018303692,-.057618629,.1075948,.0022759396,.12171081,.180856,.22334456,9999,9999,.0050876699,.011088213,9999,.042452052,.088004343,-.02209631,.094884872,.085531779,.069645993,-.035961945,-.016830437,9999,.08075171,.17642093,9999,.38637877,-.13760102,.10574702,.10216567,.10917534,.0069545731,9999,9999,.24146838,9999,.034216776,.042620357,-.047857039,9999
.16164771,.12829135,.16477573,.099450588,.19226088,.09947677,.029335514,-.052582532,.07560771,.069710992,.13630129,.24123281,.22578147,9999,9999,.013643678,.021118619,9999,.047324296,.081815712,-.007211817,.068094656,.0844234,.081558362,-.03837138,-.03173463,9999,.072642222,.22247699,9999,.36149442,-.11556586,.076973893,.10624493,.093048833,.013435329,9999,9999,.2023294,9999,.031154098,.061427779,-.087515011,9999
.12075273,.1271684,.15025549,.075502396,.18831849,.088021882,.072274894,-.055007249,.081021972,.030012302,.15175545,.21328348,.24698275,9999,9999,.00036302218,.058312446,9999,.062473137,.055714369,.073697142,-.012544003,.10222968,.097804978,-.04224911,.036974683,9999,.047451194,.24076226,9999,.25811538,-.053564392,.10402203,.1358369,.046806488,.036403582,9999,9999,.20142797,9999,.053944621,.058354925,-.013622273,9999
-.045051038,.088043146,-.1787136,.0051523335,.069010176,.008382801,.055219576,-.061490547,.11033069,-.025827916,.070094191,.017808955,.15501499,9999,9999,.063417889,.051397558,9999,.12795386,-.017607063,.084035076,-.029269025,.058782864,.080831103,-.085809812,-.014863191,9999,.032838527,.13170312,9999,.17294773,-.0080264751,.064306356,.097301975,-.0011703441,.016417643,9999,9999,.14982583,9999,.055734087,-.064097576,-.22182134,9999
-.09125676,.04853138,-.39594072,-.044427317,.099571124,-.032901451,.020635009,-.061097357,.004809069,-.027465217,-.020508615,-.12895156,.0029899501,9999,9999,.047326226,.057027459,9999,.11264887,.030683115,.090823129,-.062443681,-.011611729,.086946428,-.038835701,-.11401417,9999,-.01159986,.092543043,9999,.064620428,.012871685,.050340217,.093620285,.016497098,.022109281,9999,9999,-.17616656,9999,.098942623,-.064193785,-.26091337,9999
-.149317,.031634998,-.30122384,-.089159817,.17298834,.032789804,.042525362,-.054336701,.014084713,-.028108902,-.041727219,-.012097325,-.020200945,9999,9999,.084306397,.057632368,9999,.19889712,.13520254,.13971487,-.0066550118,-.044501685,.088392831,.024211766,.011066922,9999,-.027422093,-.11531109,9999,.0342439,.058822956,.07370431,.12271377,.0052915802,.089031957,9999,9999,-.29139936,9999,.10185012,.051598959,-.38454574,9999
-.26365176,.00036050114,-.50228745,-.050952107,.18596342,.075275257,.065701745,-.058532316,-.080718987,-.057303086,-.25158441,-.0410784,-.18841934,9999,9999,.073940545,.051895969,9999,.24254122,.12923978,.1644595,.016782697,-.18270545,-.046621747,.024172137,.13461056,9999,-.065470457,-.30989248,9999,-.035578679,.085979775,.03958242,-.039003886,-.090237334,.18065087,9999,9999,-.37504241,9999,.094295375,.014695202,-.29584959,9999
-.12093611,-.054041121,-.58832455,-.1291865,.088283233,.087968111,.082773067,-.047964793,-.14632913,-.064025722,-.42207536,-.21515474,-.22092713,9999,9999,-.055902489,.072920308,9999,.31809744,.10325368,.085813589,.036522113,-.27629566,-.12575002,-.006209468,.23640528,9999,-.13957562,-.71413851,9999,-.051181469,.13897243,.0083001778,-.091764241,-.21883871,.1460627,9999,9999,-.41736209,9999,.10368103,.056235325,-.36746463,9999
-.11249767,-.042231563,-.39742497,-.10557196,-.031119203,-.054891471,.19083326,-.013023483,-.056160975,.10528455,-.25947839,-.13706113,-.27418864,9999,9999,.080495887,.15025546,9999,.15520202,.16592389,.25282291,.057117268,-.18623158,-.0029744415,-.0092526767,.16274264,9999,-.14022762,-.84007972,9999,.040780973,.018558823,-.00097094307,-.10693479,-.1742986,.13050462,9999,9999,-.50622517,9999,-.012409869,-.00046123483,-.49963483,9999
-.069356084,-.044884045,-.0034862412,-.038775887,-.090922184,.0061776112,.12052917,.0093283923,-.042335968,-.0063546482,-.17933114,-.090671144,-.18080091,9999,9999,.0042860126,.11151762,9999,.024263998,.062273581,.19644038,.10022063,-.076172329,.022068389,-.035443101,.21142031,9999,-.11461832,-.94282824,9999,-.25840485,.12663338,.053409815,-.093498431,-.10854424,.13649592,9999,9999,-.54067993,9999,-.11299994,-.057939932,-.38072804,9999
-.0851276,-.027920919,.029854611,-.072974063,-.25065586,-.02383879,.17790812,.020661773,-.10614157,-.083339818,-.18588266,-.16173989,-.14704654,9999,9999,.078956097,.10323934,9999,.013906228,.12777506,.14920758,.078105591,.063144661,-.12094858,-.033410601,.15409553,9999,-.087305799,-.97637838,9999,-.17042387,.11650462,.062801309,-.23276654,-.19108336,.1712963,9999,9999,-.52698898,9999,-.14854151,-.13650259,-.44526666,9999
-.047692768,-.010361793,.076560698,-.048268206,-.14824708,-.051538765,.21481837,.041705482,-.040727504,.15080565,-.12459206,-.00053662842,-.10822586,9999,9999,.11642296,.11904055,9999,.036570907,.083411604,.2052402,.066741854,.094486132,-.055098187,.011687579,.23594961,9999,-.0043967268,-.7627542,9999,-.14452034,.11229518,.081523873,-.15460975,-.11504742,.23257868,9999,9999,-.42502668,9999,-.11809212,-.1024021,-.46518517,9999
.018145949,.0014020477,.11983353,-.019305043,-.12091458,.054800376,.25435302,.059307165,.029817004,.077467822,-.090644158,.025055425,-.26976892,9999,9999,.077651285,.12697195,9999,.019602356,.043487281,.15261993,.066253163,.083142303,-.062030524,.040497843,.1378123,9999,.0045250673,-.56257254,9999,-.081029356,.10742218,.074764811,-.1518507,-.057693943,.25870496,9999,9999,-.29056677,9999,-.10486651,-.0088835303,-.37967518,9999
.053712077,.030884635,.14450443,-.055667754,-.14038597,.092205264,.29548123,.070817508,.0028429707,.07300137,-.10139296,.10875185,-.18175367,9999,-.048983235,.12097461,.16415387,9999,-.011277635,.029958058,.090662397,.014914378,.11914741,-.095104709,.093151048,.19360745,9999,-.067868449,-.50700778,9999,-.056299195,.037568994,.084780484,-.12778653,-.04063797,.29355925,9999,9999,-.18117614,9999,-.084054388,-.023882018,-.25753257,9999
.0075756293,.0421427,.12722197,-.10850318,-.072720312,.094602153,.3016834,.046776325,-.051523067,.063126996,-.08270888,.095037676,-.13324541,9999,.11243474,.12727281,.17060477,9999,.010481665,.027799511,.20282307,.041173503,.12021486,-.068599485,.081201293,.16805594,9999,-.057697415,-.28607166,9999,-.062108245,.053688329,.11708766,-.15518261,-.035055406,.31718537,9999,9999,-.090215288,9999,-.053027887,-.038465068,-.061138995,9999
.017292203,.031625714,.12118569,-.11056798,-.056975495,.08938963,.30049673,.088598527,-.022248384,.02235489,-.082758434,.10812376,-.14245434,9999,.045290548,.15160057,.21368167,9999,-.013197756,-.0078661274,.28093249,.065552756,.15479439,-.08645916,.14099848,.184435,9999,-.098570161,-.19502024,9999,-.059310559,.075898744,.089640066,-.11519398,-.027844198,.32023957,9999,9999,.050034046,9999,-.10833724,-.015067685,.061853427,9999
.048986811,.012163932,.098235488,-.057983804,-.001781402,.038221158,.34062895,.12555321,-.029865496,.12041405,-.043204416,.066726275,-.065697268,9999,.065076798,.14495498,.26008156,9999,-.030739285,-.037525747,.2129866,-.015002395,.1693279,-.080319107,.12077014,.17198791,9999,.03055785,-.1787751,9999,-.069426984,.13017762,.14827216,-.11160182,.010074617,.27664861,9999,9999,-.11595554,9999,-.047634218,-.045601901,.06504558,9999
.07202553,-.019163035,.14451247,.00032180396,.043296408,.14260907,.37097079,.14695656,-.022767266,.1060747,-.012927635,.10340095,-.054480135,9999,.12685683,.1475997,.28137496,9999,.0018116902,-.0019766765,.30382764,-.043550763,.18033326,-.067449898,.14619836,.17694668,9999,-.10682156,-.14550021,9999,-.066279888,.060568571,.13234344,-.11682565,.047029037,.25464314,9999,9999,-.049580265,9999,-.052812878,-.061568152,.1403985,9999
.079633452,-.06929674,.15020533,-.042316765,.002814431,.1911896,.37598014,.13327235,.016175246,.088966489,-.036413662,.16418271,-.090575852,9999,.13726573,.18100099,.29225701,9999,.0050417553,-.013430143,.48248535,-.11849963,.16781595,-.0073704352,.20914331,.17786151,.20580511,-.037113015,-.16634566,9999,-.096932366,.051257096,.1704836,-.071069136,.071977898,.28813794,9999,9999,.11062127,9999,-.039277304,-.031085819,.19111378,9999
-.0025247608,-.19646926,.14621502,-.11430027,-.068550088,.089451693,.33544487,.08897236,.047626551,.027179947,-.083284155,.10818785,-.18071663,9999,.092819192,.17974561,.28950045,9999,-.075350352,-.13428745,.43701473,-.21922553,.1241776,.034362514,.047816612,.14091606,.12904213,-.084418669,-.15095581,9999,-.14295492,.12137379,.10476467,-.059843969,.053751074,.28256348,9999,9999,.098157659,9999,-.064738862,-.15498298,.14325209,9999
-.10559405,-.29007223,.090103529,-.20230491,-.27190211,-.14340432,.35511863,.047350783,.030743163,.052515496,-.14329664,.042062666,-.33865255,9999,.019501779,.15996067,.19200487,9999,-.089395054,-.17011368,.36370602,-.22217664,.054991476,-.080197901,-.076159067,.11050982,.022481475,-.068661459,-.17312287,9999,-.23434129,.11937001,.051638603,-.096586928,.0045965947,.2621378,9999,9999,.13999599,9999,-.13611098,-.25169316,-.084909052,9999
-.16967104,-.25720471,.02084012,-.21069364,-.37827924,-.28927267,.34322816,.066669248,-.025951929,.052421678,-.1828873,-.070634864,-.44462883,9999,-.029709911,.15743613,.1693619,9999,-.076141976,-.13255015,.24109466,-.42293739,.010766546,-.064435817,-.15394221,.11656123,-.089638039,-.084126145,-.220631,9999,-.28535071,.11205651,.052775972,-.16804244,-.044895712,.24932331,9999,9999,-.012135196,9999,-.14779256,-.42036843,-.10388765,9999
-.15258427,-.21222031,-.01041082,-.17372383,-.48358223,-.13381763,.26086664,.085896179,-.02243641,.077434897,-.15139095,-.062414508,-.39045992,9999,.034712922,.14418525,.15645468,9999,-.10794567,-.081517145,.25419825,-.35024938,-.0167746,-.072228506,-.083449848,.087661304,-.14918041,-.053017944,-.191155,9999,-.17986426,.12652561,.0062349504,-.16031004,-.01073361,.20465051,9999,9999,.095956735,9999,-.13675712,-.46119258,-.17612939,9999
-.10495117,-.18278919,-.054457717,-.13751496,-.4124597,-.028980335,.25451046,.029374214,-.021871177,.080459125,-.077293158,-.11879262,-.31451231,9999,.01767021,.13865754,.15566571,9999,-.12365369,-.12219469,.30476755,-.31998289,-.057207551,-.069626585,.0077295033,.058191903,-.16480646,-.045945231,-.11114191,9999,-.14750285,.096480019,.015752416,-.12612726,-.028408466,.19482748,9999,9999,.12001777,9999,-.090305492,-.38612732,-.16750185,9999
-.09129186,-.14766516,-.030023679,-.15802196,-.36424223,-.021817701,.27366054,.10057644,-.027395966,.084667467,-.069782704,-.16465972,-.22151738,9999,.043801699,.11423406,.18175238,9999,-.071308404,-.14080299,.16299881,-.28322229,-.059119008,-.05266349,.061221685,-.052575026,-.17982109,-.13648875,-.0065219235,9999,-.014686822,.16425551,.011817669,-.090768807,-.059103351,.2523787,9999,9999,.050728355,9999,-.071028776,-.32903868,-.11527253,9999
-.10954452,-.12579843,-.019145198,-.093773417,-.34099454,-.0014219303,.35837394,.11661649,-.030096302,.030978369,-.038526375,-.1715329,-.1359276,9999,.085764833,.13714464,.23457476,9999,-.072236285,-.11206183,.22605729,-.24127461,-.03256499,-.018703498,.071466528,.040531788,-.18062466,-.25214589,.031354662,9999,.04306867,.14128195,-.27301675,-.059061956,-.091065183,.2550734,9999,9999,.22210388,9999,-.045136381,-.23420782,-.12661937,9999
-.065180928,-.099742509,.0069493628,-.098762251,-.27947009,.067604743,.26563928,.097431399,-.03330671,-.013082073,-.01696666,-.16961978,-.053454783,9999,.040697258,.10426702,.28871599,9999,-.055768624,-.10968092,.082577497,-.24432647,-.0042126174,-.0068815909,.047734715,.072885126,-.034593742,-.13037629,.086794324,9999,.016059034,.28402966,-.38517144,-.061223887,-.069965288,.21191926,9999,9999,.19725157,9999,-.029043898,-.21172781,-.072342858,9999
-.088743851,-.090529472,-.032799691,-.10547642,-.28314781,.083808541,.15371589,.12570213,-.036550589,.039560661,-.0013997294,-.21595392,.010522852,9999,.067880459,.089432307,.29611161,9999,-.076926224,-.082165673,.10390899,-.26413217,-.062945284,-.017112415,.026564356,.067166708,.077787846,-.15938337,.060758457,9999,.011712102,.26174113,-.41432253,-.049836949,-.085261405,.20300324,9999,9999,.24930711,9999,-.035924193,-.27667099,-.074749842,9999
-.07725434,-.11283517,-.094250351,-.13174105,-.2551764,.054574959,.1650829,.13586044,-.017180325,-.024231533,-.080606222,-.19646606,.15684229,9999,.11842362,.094017588,.28856185,9999,-.043334298,.029141089,.25500664,-.24705687,-.01157653,-.0027064607,-.0047958842,.099682391,9999,-.18179415,.040590275,9999,.040965565,.1340495,-.3661277,.011136776,-.092333272,.13184522,9999,9999,.26570758,9999,-.050698958,-.22838268,-.072205059,9999
-.087588102,-.074296013,-.31136549,-.19223748,-.15638648,.073124699,.12900546,.10767082,-.19647554,-.057314336,-.16528313,-.45429015,.28199029,9999,.024449283,.10884281,.34986636,9999,-.10105617,.020630609,-.00095306168,-.26922831,-.16898142,-.12487403,-.021926221,.084008783,9999,-.28593439,-.013952173,9999,.032605466,.23607545,-.30497876,-.1097032,-.15413029,.041808739,9999,9999,.17581984,9999,.025636308,-.17809223,-.16613129,9999
-.062420256,.0072459369,-.48926103,-.19600281,-.056460205,.034665413,-.010244171,.075193502,-.3295193,-.11349787,-.16031574,-.50859147,.39263043,9999,.0079814289,.11076371,.33752111,9999,-.14929798,-.0093358578,-.053237099,-.22047946,-.25201952,-.13318476,-.058292996,9999,9999,-.23027602,-.13164291,9999,.047952104,.21540986,-.32623532,-.13688615,-.22548169,-.053095154,9999,9999,.031904042,9999,.098226301,-.050208095,-.21324469,9999
-.077848762,.092953019,-.48366347,-.27835011,.074262895,.045291219,-.03732847,.02807897,-.33715904,-.11337396,-.18889612,-.5230332,.4223116,9999,.034843944,.088937506,.019137902,9999,-.17405577,-.056929309,.22886203,-.2110596,-.36953372,-.20592117,-.11920913,9999,9999,-.27658194,-.39677197,9999,.012867318,.11749589,-.29308161,-.15482321,-.27525145,-.05704461,9999,9999,.052873485,9999,.10400525,.088751882,-.35903853,9999
-.11134735,.1034788,-.71426916,-.24643566,.086595729,.036682557,-.090306699,-.016762938,-.26263866,-.20555034,-.10842253,-.54682988,.4723188,9999,9999,.11047139,-.11060481,9999,-.25695401,-.086623706,9999,-.22039536,-.41912514,-.26065934,-.14041509,9999,9999,-.24411818,-.30488878,9999,-.026950011,.16374372,-.27333573,-.13379002,-.27734867,-.18716802,9999,9999,-.084766492,9999,.10310996,.20696121,-.34851152,9999
-.02957687,.042008817,-.72004664,-.22129244,.091289923,.019798098,-.26001084,-.00022777912,-.19453728,-.18235013,-.13908291,-.83507222,.37469476,9999,9999,.081445605,-.34749171,9999,-.44467536,-.17961298,9999,-.18647765,-.84842223,-.35056251,-.093749814,9999,9999,-.22099334,-.15261064,9999,-.037448466,-.0047802264,-.25860158,-.13755617,-.28851509,-.3857117,9999,9999,-.1708132,9999,.043017998,.2520577,-.17275892,9999
-.089298859,-.036905829,-.67520285,-.24111223,.029037911,.072078586,-.39621124,-.0037471794,-.30506805,-.19493355,-.23239766,-.64927065,-.72362918,9999,9999,.046626583,-.4847829,9999,-.71626967,-.45418802,9999,-.20142329,-.85353887,-.27231526,-.093531221,9999,9999,-.29375595,-.23690026,9999,-.017020626,-.33433139,-.3643305,-.1520211,-.24644358,-1.042547,9999,9999,-.37215963,9999,-.020229388,.20783959,-.064515702,9999
-.03616051,-.10106789,-.24180642,-.18336293,-.019411515,.10116304,-.45206872,.03405448,-.1917658,-.17798705,-.19392574,-.38156867,-.91379297,9999,-.49921951,-.027396468,-.46435437,9999,-.51507223,-.85619575,9999,-.18274732,-.35844642,-.2122307,-.091833115,-.81273776,9999,-.25073442,-.26070979,9999,.0062868986,-.3115449,-.34974614,-.084433533,-.14354244,-1.0156679,9999,9999,-.13484645,9999,-.080739923,.057645492,.044638097,9999
.037339155,-.10647151,-.14328323,-.21324474,-.016782328,.002044054,-.33972773,.024041548,-.16772185,-.16160095,-.211823,-.35096765,-.78137302,9999,-.48603705,-.038839079,-.37612823,9999,-.40863165,-.80100507,-.32483512,-.19466993,-.25041491,-.12234019,-.10018589,-.48128676,9999,-.20306186,-.17950051,9999,-.01447051,-.25671163,-.35655764,-.054571643,-.096585482,-.81489658,9999,9999,-.14022098,9999,-.11704116,.0068925633,.18179493,9999
.057570282,-.077333555,-.11495934,-.17419392,-.039782126,.089436539,-.25823706,.0057249945,-.16507059,-.074295677,-.17609435,-.25785697,-.64257115,9999,-.28832537,-.047638725,-.23891526,9999,-.37799832,-.70203394,-.24182476,-.19992536,-.18365225,-.092310123,-.1034626,-.26013449,-.12550275,-.23939471,-.080473267,9999,.01628248,-.17626531,-.38056216,-.074615754,-.11914732,-.62773687,9999,9999,-.03629661,9999,-.11324272,.011271659,.29214785,9999
.0098651219,-.054634146,-.10711539,-.15461726,-.059724864,.052694194,-.23429,.010963262,-.14978299,-.053524569,-.15484618,-.22719163,-.48593089,9999,-.23842156,-.04478104,-.16551177,9999,-.37503082,-.71520561,-.0029273685,-.19185767,-.14799325,-.10261138,-.065767907,-.28937551,-.09167359,-.25890929,-.01403407,9999,-.000954071,-.12759475,-.40769389,-.085733466,-.1837991,-.54431045,9999,9999,-.13577431,9999,-.10177408,-.033059716,.23671336,9999
-.012130993,-.046036046,-.096906833,-.14418314,-.047809098,.07498806,-.10495885,.010311894,-.10855817,-.070726022,-.15446214,-.17762271,-.43349183,.31676856,-.20400456,-.0624213,-.12216318,-.047243834,-.34285077,-.64966786,-.0059319241,-.14174789,-.1411493,-.090657189,-.025112644,-.1656943,-.040325329,-.26899111,.038673855,-.11065052,-.060084276,-.35686985,-.41436568,-.049308825,-.14250503,-.46292597,.18940218,.11244994,-.090919398,9999,-.082343884,.013641291,.15782927,-.18751882
-.0056507373,-.049218252,-.068245903,-.15263954,-.034926251,.084557235,-.034541044,-.013221677,-.13016962,-.081144586,-.10886288,-.15206935,-.36906758,.14671601,-.13870834,-.058970958,-.080008432,.015093067,-.31014165,-.56741387,-.11037436,-.1150944,-.15118733,-.073296577,.02242947,-.1064017,-.035250895,-.25538442,.0068029934,-.10368922,-.053290728,-.46434098,-.35298699,-.052712232,-.096596375,-.44756302,.17637506,.067897961,-.017002001,9999,-.074129812,.050826889,.14543326,-.14678998
-.089987323,-.077956833,-.09487094,-.1381993,-.015704749,.11404648,.033822786,-.0058924216,-.14040524,-.09685114,-.11180792,-.15699556,-.30625775,.12091023,-.13216425,-.062586777,-.086214595,-.078392051,-.28992489,-.51158714,-.11150867,-.12499256,-.16484556,-.074449621,.029970797,-.090563163,-.051674552,-.2832323,.028695252,-.11853446,-.063458927,-.43214214,-.29858294,-.067182779,-.11849228,-.3973287,.14862567,.12973556,.048988182,9999,-.092010602,.050219916,.13895558,-.10883603
-.06816528,-.082598016,-.079970405,-.14925687,-.016354188,.13994437,.035915546,.00012578965,-.110178,-.14565079,-.14198789,-.15871449,-.25015187,.088699766,-.14177333,-.031704042,-.072177194,-.16932486,-.25636858,-.49961531,-.15734631,-.17228329,-.11338621,-.071523041,.034730859,-.048597187,-.034657747,-.24664308,.029833619,-.09675701,-.059409682,-.20901702,-.32720375,-.062619157,-.11416548,-.37087509,.17090136,.11291154,.10769608,9999,-.073184669,.057586253,.11520618,-.071788736
-.057140607,-.061107129,-.066070303,-.1304839,-.072453767,.10021082,.018349027,.013472768,-.11069921,-.15618461,-.095605336,-.13748196,-.20529686,.057572618,-.13741234,-.013427598,-.040073469,-.071354799,-.23995116,-.4818683,-.1459154,-.12425731,-.076975636,-.058146305,.050867196,-.020194015,-.019191736,-.23087405,.037867498,-.060668554,-.028488688,-.19145632,-.28658181,-.035587437,-.086364448,-.34319717,.080023192,.080999739,.02619474,9999,-.051950425,.011381716,.13565226,-.03396748
-.017337011,-.047233053,-.054543935,-.10231782,-.029085539,.077961653,.026189942,-.0019361366,-.127299,-.16490324,-.084681012,-.11152674,-.12059147,.029329801,-.081481464,-.010654707,-.035201523,-.028231716,-.21045502,-.43556157,-.19096737,-.090354003,-.039819565,-.072498806,.063908271,.0025916477,-.011669484,-.22250912,.082648322,-.10960548,-.01942084,-.18927817,-.28238773,-.035467673,-.049368553,-.33010939,.080956042,-.025456194,.053251311,9999,-.037174895,.042236324,.14159802,-.0013870861
-.018604457,-.053821053,-.045129269,-.13157597,.004637287,.051676255,.065303266,-.016259503,-.13302484,-.18557341,-.093288071,-.087018155,-.078255542,.0037030983,-.15513878,.011402049,-.073645547,-.034697283,-.19587693,-.4145844,-.18412879,-.07236293,-.02774898,-.055905979,.06228077,.026094105,-.0083985981,-.21221089,.13267671,-.11042842,-.0037782963,-.25431406,-.23195396,-.032527406,-.015702644,-.34260413,.015065494,-.011493523,.031868111,9999,-.048531905,.022450464,.18483129,.025400508
.004197537,-.073053867,-.046834003,-.11385578,-.020377109,.089302003,.068080284,-.033953372,-.10792708,-.1926672,-.080913238,-.056959569,-.05264312,-.021291848,-.087321676,-.025250006,-.024397399,-.049039703,-.1721652,-.38071951,-.24425659,-.047279328,-.030114437,-.061288867,.084090181,.033933051,.0036879284,-.20118743,.11610903,-.14702018,.0013891549,-.23559865,-.22842945,-.038420528,-.007835527,-.33679202,-.055574987,-.10048137,.054459278,9999,-.052865539,.002990874,.24562296,.045838114
.036323261,-.063298844,-.092669331,-.06684576,-.048639897,.06447801,.12116113,-.062845029,-.11110775,-.1784572,-.11225639,-.056956418,-.041427709,-.047566205,-.045564026,.011406975,-.12112778,-.067256868,-.15382573,-.35813084,-.29911539,-.044030041,-.074698374,-.096521489,.031184345,.022530293,.013691267,-.22175805,.15073122,-.17050326,-.010561306,-.23968625,-.19633064,-.04335472,-.059821237,-.33578449,-.10062473,-.027308993,.043748342,9999,-.070125468,-.044978935,.14281544,.064140022
-.059378527,-.041467965,-.093112893,-.029000448,-.051890139,.021896316,.083193719,-.047102325,-.075648025,-.15975551,-.087570131,-.058268771,.0031659598,-.077367775,-.030564392,.0046752063,-.10789174,-.022580862,-.12295111,-.31522459,-.28564784,-.063841023,-.062402826,-.089679644,.0015046622,.043875389,.0044779424,-.2026282,.1587504,-.14375927,-.004832963,-.26294762,-.23077103,-.018535685,-.025750233,-.32803768,-.067798302,-.12112065,.034047559,9999,-.050165828,-.013370228,.1155149,.077177465
-.0098255686,-.039621852,-.073706232,.0053020646,-.062917061,.034482963,.013960337,-.058903862,-.040816858,-.14117649,-.033419512,-.016076552,.056363098,-.11268403,-.0035041803,.023734462,-.10272314,-.032995734,-.086503409,-.24480365,-.26803255,-.033630535,-.0073779328,-.068793707,.043638453,.011277917,.020229302,-.17177413,.15211514,-.11986968,-.035640772,-.3161912,-.24375844,-.0096649332,.0059902403,-.33379942,-.033221558,-.057065755,.033435971,9999,-.022205295,-.025812577,.056975611,.089776754
.03266127,-.034349944,-.051334392,.032314554,-.073571749,.039441358,-.19870697,-.063035451,-.004302077,-.14036073,.0090157986,.0053740544,.06722939,-.15749583,.022022221,.023106633,-.091114707,-.0090151224,-.043735426,-.16952515,-.25327694,-.034932729,-.011759357,-.041779429,.080314733,.020572366,.061533764,-.14333504,.16929477,-.078850031,-.044421498,-.31865299,-.15145272,.018059975,.044414308,-.33421308,-.0612556,-.024519496,.00032122488,9999,-.023894928,-.040452078,-.012460539,.10734212
-.01046453,-.0707651,-.027300566,.042473577,-.044290796,.044331282,-.30600721,-.063262209,.023867959,-.11649428,.0052237581,.030634442,.080208912,-.10558293,.039948728,.014818273,-.12146778,-.00049211649,-.01509203,-.12324309,-.25110897,-.038592592,-.0035949906,-.048110578,.12452969,.021359196,.01394731,-.1140861,.15804748,-.037211519,-.026671896,-.35805503,-.080445103,.032011695,.050834984,-.32504478,-.065599099,-.099147573,.011179416,9999,-.039116681,-.017457094,-.019857021,.19474438
-.061431311,-.038705762,-.012927257,-.0077551501,-.033346795,.065160871,-.26703265,-.083222128,.0029751738,-.072145179,.0029214621,.043773245,.07759767,-.06567923,.071087137,.036518771,-.20205027,.015906835,.0073971106,-.081856221,-.25746334,-.010194872,-.0045094006,-.044124607,.13219832,.044204384,.0385441,-.089757659,.098828673,-.024922401,.0052865669,-.32895097,-.0098760901,.056173943,.06270878,-.3008413,-.06516771,-.012262979,.05444796,9999,-.01975053,-.0097429575,-.047857821,.19088937
.011721803,-.01680048,.024313224,-.029578585,-.0088641355,.046431042,-.1782707,-.074803315,.065294668,-.036309633,.02319322,.07481499,.1115533,-.080507189,.10263342,.070974275,-.20693088,.029207323,.004394582,-.011371549,-.24898817,.052668456,.045259178,-.028985143,.14760351,.031505048,.049480814,-.059183408,.18922584,-.011332068,.044625103,-.2939648,.01761434,.092823379,.080619812,-.25041392,-.076603994,-.024708752,.046999831,9999,.010432955,.01232433,.033885747,.20426278
.07453531,.021446204,.02932258,-.061278407,.017622011,.014132053,-.086566657,-.090674318,.082863621,.010125166,.0453679,.090175077,.13213329,-.031285726,.087688245,.0037038247,-.23503758,.045456123,.0014960495,.004347919,-.23164363,.066013016,.063302547,-.010850151,.16789809,.036692698,.071152195,-.014301214,.21035355,.031893387,.068045452,-.29687041,.060193408,.098951675,.085980028,-.20793314,-.077374786,-.018586902,.024028476,9999,.009253473,.041590542,.034928732,.18113199
.055387795,.045563921,.032550439,-.050541766,.042029683,.082102567,-.050837096,-.089236356,.082467869,-.022507377,.038115397,.11056613,.1304239,-.088189669,.11985262,-.036991447,-.26573861,-.0090529211,.030419767,.06648583,-.235296,.083456524,.057650421,-.0076329773,.20289677,.03382596,.10070486,.0011641445,.2268223,.096760742,.076107889,-.23857318,.099271379,.088090755,.085524745,-.18632576,-.047346823,-.051329847,.08777231,9999,.0062289131,.072737753,-.00017606118,.15642361
.056677654,.052885957,.043785319,-.064049564,.034241602,.075381026,-.17872979,-.097631954,.10214496,-.059156198,.028750371,.12633815,.1041039,-.1356995,.15158825,-.001464682,-.32680425,-.044596933,.059288453,.13242655,-.27188,.09440127,.077870488,.018895846,.20228659,.040214505,.10508016,.047752392,.24038446,.11033751,.11140591,-.2391867,.11743201,.091640584,.088667206,-.14711724,-.042506509,-.11425438,.083017267,9999,.0080395257,.065832041,.013283397,-.0098287947
.074186787,.10207354,.059732746,-.023625795,.049992647,.072352305,-.29090858,-.086708948,.11168632,-.074559174,.021998756,.13829629,.13340375,-.1614749,.13938828,-.0097603509,-.2660526,.037878662,.099832542,.21990219,-.23910432,.12319838,.11222444,.0066986112,.16147415,.043327048,.13251756,.10470752,.26925948,.12497208,.11764315,-.1889426,.14149097,.09996333,.098444387,-.12018046,-.039423738,-.068730585,.099374391,9999,.027613796,.08233057,.034982894,-.060632914
.13176562,.11635969,.099779017,.014119687,.067254134,.070966713,-.20229478,-.072460458,.15445764,-.050158523,.088100575,.1756058,.17455742,-.11236857,.14448027,.013697137,-.19091034,.092225417,.12831388,.28794888,-.23459703,.1344737,.14634782,.016883431,.15596329,.044004731,.091216847,.10063557,.2563304,.12834081,.12951571,-.11611109,.20333816,.12018199,.12509827,-.095227428,-.03792255,-.087147735,.09001065,9999,.026719399,.082186155,.019539932,-.011958976
.15870686,.12432079,.13695207,.05583971,.058992967,.0532258,-.093344264,-.054235842,.15057537,-.037708238,.13692501,.20001218,.19326745,-.085259981,.11710555,.021989867,-.13297006,.10150918,.14847733,.34851235,-.22621384,.15148732,.16907452,.003304868,.17322606,.036331914,.11062549,.1660831,.3035121,.14790908,.14657299,-.089272596,.21329886,.15217495,.16293305,-.049188044,-.048532948,-.081894636,.072033294,9999,.028695127,.051205281,.048027791,-.025399458
.16892603,.110941,.14824404,.11472001,.080766395,.10191302,-.097827576,-.04307007,.15447259,-.046693094,.13121441,.21487452,.19072761,-.081491195,.13712861,-.0058439244,-.11880735,.13626538,.13675949,.35107908,-.20637281,.1379908,.17970739,.025046621,.1741928,.045333963,.14786628,.24373309,.30271751,.21253693,.15308414,-.068199694,.23084638,.13294537,.17762025,.0093980143,-.075137816,-.032428175,.076724499,9999,.026627321,.050960965,.045012746,-.0096052382
.16180228,.10292701,.17380366,.17920898,.10081326,.050383091,-.13170207,-.014309701,.17720145,-.070064001,.17318,.2269043,.20480639,-.050545838,.1346921,-.056957528,-.059284136,.18358244,.13954446,.38781312,-.18560275,.16743807,.17542095,.043330621,.16453265,.054828458,.18618247,.29489213,.28094515,.28593829,.1339334,-.082704239,.27887148,.1309735,.18730496,.072635993,-.10676083,.078958265,.09893968,9999,.041358769,.071383364,.040230356,.041076351
.17095168,.11178825,.20821191,.26219717,.13791998,-.047155239,-.12535867,.007206101,.18259241,-.10712931,.20572746,.24924842,.22566712,-.0044471323,.16124056,-.070276447,.03093848,.16465826,.18310596,.42634723,-.10088771,.19440989,.19427826,.054583933,.18503138,.097936504,.22572827,.37338844,.33530149,.3967663,.14425793,-.026755767,.32058096,.14651945,.19700302,.13234194,-.081402205,.018248994,.080807254,9999,.090605877,.097433269,.07251472,.071436867
.19645244,.079259254,.22411838,.29174468,.14428602,-.07642293,-.17243057,.020370357,.13836505,-.1266247,.20518728,.25047323,.20514065,-.054556098,.1611893,-.10339928,.021502521,.16766076,.19452582,.36325687,-.080619425,.20186602,.20568207,.059862267,.228,.089548863,.24903218,.34321615,.33590084,.46846902,.1700974,-.015695704,.34235874,.15360513,.19042522,.082349479,-.10615026,.040625315,.086564817,9999,.059151206,.06228362,.10224163,-.0073746741
.16301531,.075837553,.18560816,.2927452,.13231368,-.25582188,-.15587667,.00097547512,.1156539,-.084130682,.1868595,.22002736,.17256775,-.12673886,.15527217,-.060649347,-.029141787,.1449143,.13599038,.3468143,-.12593326,.2093005,.17746164,.077381529,.22925909,.1013194,.26074594,.22973894,.3108933,.38480598,.15307403,-.017407877,.31343687,.15349464,.11493014,.067318857,-.12451172,.052587096,.10886287,9999,.035430878,.029572396,.13095221,-.11899994
.13625689,.081161954,.21662648,.34227192,.15264164,-.2596733,-.23945953,.0057698465,.15313715,.0099460455,.16070002,.23461527,.20725121,-.054470543,.13136487,-.088633113,.013276697,.10306411,.17472428,.34746638,-.059866115,.20492926,.19253418,.10334036,.19880125,.14340089,.2508963,.2413182,.33253112,.3738932,.14227583,.02764155,.31032985,.13900872,.10216062,.13424595,-.10276274,.070857964,.16317503,9999,.044003434,.051605765,.18968856,-.0035595973
.17289411,.061154097,.1992563,.34127137,.15410811,-.20186019,-.2316644,.0070582917,.14351214,.087575592,.13542996,.23874313,.21497132,-.02378295,.16593061,-.064272225,.038686793,.048669074,.16659133,.34989876,-.03385742,.19157948,.1899575,.11349565,.16333984,.15466429,.2350837,.25771517,.33023524,.41310713,.10861859,.066940643,.30239806,.097945087,.11277091,.16724789,-.072881944,.04931204,.15140158,9999,.05036756,.06627164,.21729824,-.0091283061
.11366907,.071688809,.20391452,.34075373,.16392048,-.1586505,-.18691511,.050620992,.14865325,.098630451,.13256156,.24420597,.22326209,-.021842731,.16458973,-.054340813,.038455602,.042133968,.18143316,.36133525,-.0021126869,.23334664,.18704128,.12213463,.082328923,.16151251,.23683383,.24677095,.32936677,.36571091,.10648657,.099547185,.28131109,.09116488,.10085543,.2310739,-.041394368,.059788886,.12109891,9999,.064619809,.089586735,.20288835,-.041315917
.15580401,.073423207,.20371136,.35767964,.17488757,-.11511637,-.18112868,.063487083,.14733647,.11115146,.17194416,.25136957,.24021594,.011258502,.14232804,-.15986899,.038730487,.047893897,.21435192,.3753517,.023234721,.28266385,.17646894,.13600837,.061230585,.1727313,.18346144,.26319191,.29888454,.32427818,.1113808,.10810237,.24813449,.10556174,.1067994,.2459787,-.053645309,.070018552,.068289265,9999,.072145127,.089183353,.17875367,-.074079491
.14515415,.075814396,.22383526,.4014127,.15542988,-.076975062,-.17384568,.06264627,.12346184,.1600436,.19320583,.2408099,.22480676,.037496801,.1290158,-.14234757,.074311987,.060161486,.22023717,.3640798,.049346901,.32830116,.16373409,.15104705,.095964998,.17914152,.12343802,.2693134,.27396718,.31813776,.14271143,.033488199,.2288647,.099005669,.12926437,.2472256,-.072817937,.086407341,-.0050904513,-.13387176,.031463917,.056525629,.1190439,-.14239718
.062228795,.072223388,.19773024,.30965519,.15380526,-.061771117,-.19264902,.042248715,.083067104,.14783394,.17593752,.22624229,.2008635,.061474126,.11380473,-.1252216,.084761456,.06296555,.20527132,.35433596,.06323123,.36856478,.13000169,.136658,.10960927,.17215155,.034089223,.24833857,.25815475,.29930985,.16114272,.0347296,.19259073,.074726298,.12536836,.24131244,-.076210275,.085579507,-.0060188468,-.076061822,-.0025451062,.051106147,.08184018,-.15017915
.0053684423,.011628119,.18038517,.27124038,.0910175,-.25758076,-.16982424,.010053511,.089565396,.19355869,.17465502,.22553429,.16906092,.02982286,.12730896,-.13880241,-.0010435067,.035938472,.19100027,.34347799,.065435834,.32076499,.090314515,.1081174,.071290098,.16752131,-.0099070044,.23489274,.25830421,.22494201,.12159736,.045967743,.17771323,.06504602,.09003447,.2084922,-.083886668,.031690005,-.020988937,-.019313838,-.0010666717,.0011184795,.028238801,-.11661857
.020959813,.025942255,.16054906,.19445196,.089859806,-.30523956,-.14679679,-.016043641,.096732117,.2149532,.17231621,.21899918,.16674821,.030104369,.095963515,-.11787562,-.018035706,.023857165,.17689331,.32118335,.069119751,.24286847,.082453325,.11734021,-.064604841,.14642099,.0031225544,.2001401,.26456022,.021651395,.066520043,.089835458,.16975139,.061636411,.075059637,.22299176,-.088362932,.029973226,-.022194438,.04757024,.014526902,.015907109,-.078843869,-.10939651
.01694282,.047751032,.16218586,.20228626,.11620924,-.28243831,-.077462748,-.022784283,.10866234,.22343031,.17153843,.20713478,.1750851,.07164821,.10124815,-.12697327,.0018913669,-.013462871,.19942321,.31412107,.088065006,.23618121,.087048516,.14617202,-.062506087,.02839528,.0042460798,.14883763,.25332129,-.068153709,.081551202,.11036924,.15488383,.081763253,.086422905,.26035413,-.089771859,.010526267,-.0066050519,.094028011,.020079996,.056609329,-.13573866,-.07056319
-.080971383,.058211282,.15496966,.23408483,.13977185,-.29708764,-.024740756,-.032252654,.12877452,.23675649,.17433536,.1994092,.17402197,.022521656,.055343769,-.121492,-.020335242,-.02494093,.20520663,.32620642,.018541627,.2178165,.08692012,.17011222,-.077303208,-.090051129,-.020264331,.14543602,.23687838,-.22452846,.033258937,.12046085,.15154842,.081050664,.10074974,.24510314,-.10053721,.01187805,-.014493013,.1094036,.033674758,.067964479,-.16092442,-.060816403
-.034646507,.044800777,.14945908,.26322776,.13576499,-.28145072,-.017168088,-.01392593,.1551227,.21130592,.17167905,.19570415,.17280093,.070608072,.053763729,-.12380573,-.0069569801,-.022560885,.2020618,.3177208,-.027653283,.14588372,.089821041,.18010761,.0040466241,-.096450001,-.022844173,.15705213,.23535828,-.36691692,-.0017338014,.16582252,.15438265,.086311661,.096636802,.2915495,-.10208664,-.056637242,.0059776921,.13484421,.051107861,.072525531,-.14521348,-.080726929
-.033030704,.063800611,.1482195,.25506663,.14280292,-.25705746,.013950322,-.0019556649,.1420349,.18455991,.17838053,.19060469,.16349499,.13818635,.047639839,-.13305449,-.002990853,.0038052886,.21560155,.31846508,-.033179779,.1237564,.079521641,.1675622,.04539495,-.093670353,-.069253817,.19133298,.22506793,-.39513919,-.014599322,.21492912,.18100707,.096455254,.08698827,.34873751,-.065659724,-.043951876,.050656196,.18163328,.07416077,.076523788,-.095031708,-.095812045
-.076539293,.067528501,.16794355,.21191172,.15753731,-.22663583,.0411353,-.0014206505,.11571908,.18544102,.19983952,.20768039,.16992171,.16189556,.055738512,-.089082412,.0080671888,-.018801834,.24550021,.34811503,-.0050309217,.097596765,.084230654,.13439389,-.09024591,-.066739514,-.077566691,.23670241,.25328526,-.43400884,-.0052389205,.25877631,.20308852,.097739458,.096244909,.3623935,.0052261441,-.092547417,.024150748,.20741382,.10124848,.087769374,-.046696894,-.088138379
-.17444439,.069656312,.17512485,.20197028,.14378288,-.1665576,.00003886571,-.0084699504,.086252697,.1836348,.22417369,.21281213,.17136395,.13506712,.01396186,-.077463873,.048276588,-.051834263,.26242748,.36392072,.028764805,.099787779,.098965615,.11451146,-.27215058,-.045600947,-.12290656,.27264929,.24038081,-.46542844,-.011955972,.26578358,.22107187,.098155595,.11715069,.37873828,.066952772,-.10361034,-.021296373,.26401326,.10127454,.092930868,-.13708946,-.09790808
-.21797989,.028752154,.17966729,.094359592,.111537,-.17178893,-.044475537,-.0065797265,.077337421,.18955536,.19481015,.21018319,.17924197,.11856883,-.076001398,-.072066538,.087205119,-.039892577,.25570086,.37947205,.064700499,.11268694,.11080614,.10423329,-.3596974,-.056124497,-.25589496,.28584787,.18268058,-.37670472,-.043799415,.29381806,.22951593,.08011172,.12893268,.37609029,.12030336,-.074407153,.020229427,.2325332,.087161705,.079913773,-.10447061,-.10062578
-.13990845,-.0031062115,.17061794,.065477431,.05847175,-.13577509,-.037734479,-.023032216,.068912245,.15056612,.099159434,.19431949,.19538346,.11861435,-.20618974,-.11519993,.092567325,-.059283596,.23940316,.37746507,.099893205,.11646355,.10407286,.10442673,-.37233749,-.10217112,-.34967768,.29519144,.054329515,-.24334171,-.082849711,.32516688,.22257373,.041578874,.091930419,.38398314,.14287609,-.07746052,-.016257986,.1711645,.051385958,.044287324,-.045241572,-.1004383
-.068741463,.0017868865,.15818588,.021213803,.033026636,-.059697449,.014438671,-.019562669,.061793983,.14544624,.030158063,.18319923,.18524349,.12296376,-.24110943,-.11416642,.15114805,-.052822623,.22590934,.3526679,.12857009,.11386323,.091054842,.10754632,-.41039121,-.13721246,-.34514171,.27348691,-.11726762,-.20785223,-.13352093,.32329193,.19918478,.0032570448,.067056999,.39473981,.17356706,-.043280471,-.0026653709,.094376259,.030983724,.043040704,.0072757988,-.073938414
-.03400423,.012668299,.12083904,.031746257,.022562131,-.032246038,.064378791,-.0020204473,.031930495,.12456273,-.0091021555,.14386101,.14570878,.12162062,-.24985678,-.12058507,.17420886,-.076961935,.19202361,.32061401,.16608629,.09563534,.074479103,.10368148,-.39622563,-.15432866,-.32861796,.22184484,-.22073452,-.22269273,-.14959708,.3228485,.15719472,-.043669056,.041191287,.39590594,.19970335,-.060935427,.030713333,-.030536799,.03153209,.036076687,-.0048194029,-.053215351
.0018088782,.025802961,.12582864,.051706601,.037975401,-.016743496,.10534436,.011268646,.057899777,.11582344,-.0032193803,.1363997,.14362095,.11802628,-.22386065,-.10004206,.20091046,-.068687983,.19577183,.29604861,.1972378,.10246602,.074548766,.12233888,-.30619347,-.1496769,-.2983366,.19907212,-.36753953,-.21628472,-.14568129,.3443583,.14950532,-.032370228,.030150929,.40080994,.22021163,-.066189699,-.071690001,-.25874618,.05149278,.043267455,-.05823702,-.025940252
-.048874233,.033970602,.1234935,.056406107,.033495795,.045305692,.12572582,.026045728,.064074025,.11095572,.0065885857,.13068727,.13438809,.075779945,-.21169953,-.080071159,.23170494,-.034297388,.22276399,.27893263,.23441289,-.00027399039,.077016398,.13285503,-.25424069,-.14322618,-.25056499,.20811227,-.42204487,-.21187021,-.14293274,.36677319,.14652643,-.019158075,.012725253,.39707449,.24238653,-.079208724,-.045967456,-.35589498,.057614986,.035967968,-.047477785,.0081334068
-.016018204,.039207321,.10909387,.046155207,.017428389,.077461675,.13709125,.011336411,.063694045,.11177011,.014758483,.11383721,.11618152,.052941311,-.21422267,-.059558477,.25738403,-.028690808,.20643935,.26959696,.27323896,.015530874,.08371307,.15215002,-.26004159,-.1258374,-.21113317,.2107778,-.46928108,-.18194759,-.12882298,.37251985,.14046845,-.027359948,.00074267964,.39225268,.24238047,-.050659891,-.02190887,-.42902982,.062468607,.040719941,-.059529666,.03949463
.041277293,.051552922,.11563691,.042302843,.02847424,.11047282,.14109907,.013264677,.067510143,.11545375,.046184547,.10814977,.10724981,.055179484,-.18401983,-.067295924,.2531141,-.037545003,.21295813,.24852613,.28713995,.04794284,.096981004,.17398874,-.22245567,-.11382797,-.16805412,.21821763,-.46550506,-.1658407,-.1314926,.35589582,.14802018,-.024725921,.0046478529,.38903773,.16061696,-.031856596,.0072673401,-.42873347,.070395723,.052877072,-.0050968057,.060264166
.057956889,.071271092,.10844271,.0075193518,.038046483,.11006121,.13061844,-.015272878,.063485995,.10435985,.069344983,.11454904,.10168017,-.054497506,-.14494121,-.060738649,.057627384,-.044447716,.21677136,.19590752,.15065049,.06295865,.10626444,.16923548,-.25796086,-.15808114,-.14236784,.23046416,-.53007054,-.13165101,-.15601034,.22247964,.16033061,-.0090859076,.013882643,.36509359,.028111849,-.018630333,-.0061869151,-.41879788,.080057859,.062229801,-.0089822663,.058543015
.0016419063,.078366153,.11241457,-.020118395,.062150631,.059306264,.11800824,-.089531705,.069002777,.11300667,.080371216,.11802277,.095310293,-.07628154,-.11525825,-.044260208,.011192484,-.056480937,.21908978,.1594239,.15298517,.068032704,.12222357,.15673389,-.27632484,-.16188197,-.11605083,.23419461,-.47666013,-.16453354,-.16233049,.2520012,.17353159,.014697784,.0086459108,.35314181,.02148897,.0055465559,-.09940438,-.39281222,.086120158,.074487291,-.076939091,.046556808
-.027864205,.064813398,.12364863,-.012446488,.083191879,.073520102,.11245405,-.094317488,.079684094,.11419873,.10232498,.12827459,.099750206,-.050923128,-.076368108,-.058074184,.0083416086,-.017595788,.23219475,.15427446,.17852244,.099086568,.12959293,.15735132,-.27358934,-.14087166,-.090523116,.23706932,-.39374474,-.1049734,-.15120453,.27052459,.18632425,.035919204,.024438659,.34133729,.015475093,.014215328,-.070943281,-.30845743,.099958517,.079577327,-.043841902,.052489955
-.094946384,.06766165,.10638401,-.038687374,.070859589,.068553835,.10540449,-.10894302,.065113932,.096792355,.10116681,.11690696,.084992558,-.084624864,-.042052798,-.060543157,-.0015133732,-.058338366,.22908017,.12344188,.1239474,.067569204,.11733229,.14665937,-.29777384,-.16117799,-.097364657,.21974017,-.35388276,-.11312301,-.14729877,.24482763,.18255001,.024303013,.015028665,.25062659,-.000026331989,.028236179,-.19344051,-.19464703,.100265,.056997325,-.012202592,.058738589
-.23310673,.067059711,.092502989,-.047167167,.071512341,.052020639,.10514653,-.11521459,.049116973,.075591922,.090104111,.095465019,.058023479,-.10341977,-.00032369205,-.068128504,-.0076970314,-.097859025,.21013844,.089910656,.10740173,.046259303,.088201113,.13071632,-.27259573,-.15441726,-.096431494,.1890884,-.31508297,-.13824739,-.12700453,.25082755,.1661709,.021360742,-.0022500884,.22338186,.010647823,.012263076,-.15869047,-.11925304,.09756197,.043456603,-.10744601,.065499634
-.16904792,.073472708,.07301148,-.071533881,.061861899,.052636605,.11244643,-.10765953,.032889131,.053236227,.080634862,.072092712,.029299531,-.11396878,.034832627,-.037960645,-.0071719135,-.12390305,.17979512,.072820075,.10158553,.030181559,.062669069,.1093538,-.25908837,-.14263652,-.080599681,.13963658,-.25114363,-.027907869,-.11180714,.21949978,.15136851,.015040808,-.025364365,.18773183,.032137681,.032901589,-.14400887,-.0078884047,.10191403,.03973097,-.18873404,.073690057
-.10363383,.064368665,.069808684,-.050829604,.059615124,.074593134,.119784,-.086306937,.033249408,.041086406,.090492174,.064073928,.014961181,-.069784574,.08051268,-.0080568632,-.0081310347,-.11119473,.15573464,.062613852,.11449298,.041870814,.057128869,.11644012,-.23230404,-.11839759,-.049951229,.11441018,-.18852493,.053702373,-.079634756,.20309806,.13841324,.032324091,-.020726236,.17950507,.046346314,.058553629,-.098589189,.12187162,.11105047,.046477988,-.017214138,.084872931
-.036341809,.059062351,.052130997,-.056599941,.058728106,.09826456,.12876858,-.07083825,.043474399,.031833492,.092757627,.04505055,-.0026216737,-.037805539,.11979256,.020995857,-.0025539955,-.10583659,.12496844,.055507321,.10927363,.040126905,.045725919,.11097733,-.19324604,-.10546603,-.035365637,.082311817,-.13298373,.11483835,-.044781048,.17980613,.12853245,.037751071,-.016601175,.14762232,.04127555,.066052534,-.066186473,.16863191,.10630838,.047828041,.079579942,.092941865
.019989762,.051275246,.046055678,-.049737565,.054798685,.11912474,.15677752,-.037002966,.059487142,.043328367,.10352878,.039757553,.0096248686,-.0011244705,.13407181,.042756401,-.00082249293,-.081619754,.11294104,.035761047,.1021962,.054087445,.054809764,.10182408,-.13877104,-.088127665,-.0044213226,.065193497,-.062053341,.088031411,-.0041174944,.16699995,.12177051,.058609229,.0023363649,.13419114,.047873549,.084602676,-.03628552,.23916154,.10222413,.045674168,.17954957,.097547352
.085543498,.048498459,.050063048,-.022211589,.045551397,.13138393,.19701733,-.0023048276,.046746988,.057369199,.12627268,.033391047,.012590147,.028858414,.11293152,.060846344,.0084565422,-.049953982,.095472015,.016547181,.10209888,.041130345,.066588663,.094802573,-.074320734,-.059999082,.031505339,.056431949,.010294886,.052536678,.034165755,.15887065,.10830646,.063790195,.017121138,.13136187,.059537545,.11687148,-.015758974,.31216544,.099999338,.036054332,.262721,.097964115
.10440452,.042035915,.021788985,-.0032497449,.024783544,.13001244,.19617571,.00020181418,.018588213,.071853139,.10469826,.0063663763,-.0034585611,.020660415,.098415397,.035638615,.014386429,-.047175217,.051532853,-.029104192,.088592112,.016462898,.059388928,.061767485,-.0034527741,-.052871011,.044069242,.026501421,.050697617,.057567541,.05092464,.12091577,.070135407,.027655849,.017433435,.069744192,.036028687,.1254897,-.047435403,.32740429,.069204189,.0078076832,.31346828,.082844868
.022017403,.018426025,-.030414704,-.034477532,-.036082204,.079878815,.19190276,-.017806252,-.055862486,.062298406,-.0089912117,-.052724309,-.085134946,-.028868929,.0038873642,.055084396,.0070065125,-.069223195,-.034758467,-.12049735,.01338516,-.082642831,-.0074398038,.0042008273,-.0084635476,-.074277483,.038833164,-.037966222,-.041328572,-.0067969658,.020623578,.063023932,-.0071741221,-.043348387,-.032956831,-.01689514,-.010896614,.12224427,-.13787846,.15371928,-.0061868816,-.046957914,.28111982,.067381635
.097124018,.0029831189,-.037793349,.0088141803,-.036591996,.097671308,.19748127,-.0028145444,-.062648654,.056569461,-.0070397062,-.063218281,-.070283391,.0075887665,-.0096713984,.079777382,.014352913,-.043351632,-.050028659,-.11346866,.025973627,-.067998752,-.0238974,-.025758594,.055460963,-.041795287,.042342629,-.053115342,-.0080632037,.03850361,.03613805,.062639698,-.041061111,-.014882707,-.026086578,.011384133,.022555748,.117957,-.099441297,.18207632,-.012544521,-.048694097,.27310514,.063979819
.13400416,-.0090611763,-.056735326,.018901678,-.035293322,.1189244,.19096673,.0361032,-.071765698,.015882758,-.012684349,-.069397502,-.042316049,.026999002,-.014438301,.073824145,.020564118,-.017120747,-.072623499,-.14438501,.019423921,-.067779191,-.035508934,-.053058896,.099913239,-.041443937,.062310006,-.1009648,.022768592,.091202006,.052625813,.029314686,-.081439912,-.010136086,-.033849493,-.023307813,-.0072576106,.063627169,-.035301924,.22133717,-.029732279,-.060937986,.32207182,.059259359
.10263329,-.010127055,-.085916936,.0091979122,-.048564591,.13957448,.1672188,.046990808,-.093578629,-.022073928,-.057385426,-.097899526,-.067071751,.012725407,-.04949015,.069794551,.02490437,-.019691516,-.13321412,-.16219284,.014770282,-.065931886,-.073653154,-.064682908,.14185344,-.012073836,.046432935,-.17042097,.04982977,.092805088,.05947819,-.014623681,-.14174639,-.040464401,-.047336355,-.073945299,.024834974,.071309112,-.028688455,.20641021,-.042655405,-.066105738,.38589945,.044626702
.10569593,-.023768844,-.11279021,.010212833,-.055946145,.13287005,.14173472,.070180595,-.10188619,-.061423335,-.096402265,-.12084798,-.093704857,.019950438,-.051434781,.074397244,.024761554,-.0058736061,-.17970413,-.17400895,.0023338681,-.089928381,-.10161027,-.091951199,.18059489,.016509352,.022799501,-.20710012,.054594722,.05603677,.065682612,-.051036518,-.18327516,-.056329034,-.055643801,-.12122356,.014169173,.061331924,.012433925,.18850012,-.052375805,-.072503857,.40944988,.029217094
.059155714,-.035274684,-.12501413,-.013177386,-.057471368,.11072438,.11252175,.08794757,-.11220038,-.093755476,-.12985979,-.14129986,-.10431968,.021671284,-.03199476,.088755637,.019575384,.0051474413,-.20605393,-.20288891,.0020135727,-.096818052,-.11400868,-.10822287,.18522854,.043635197,.030778339,-.22671974,.033862446,.06000625,.061547361,-.089406684,-.19605319,-.062184129,-.059169039,-.14766128,-.01232134,.058047682,.019607136,.11449583,-.049350545,-.075302929,.38105157,.020521646
.064855047,-.05030559,-.1415358,-.077417426,-.078437425,.091625892,.078148462,.091190346,-.11635488,-.11065371,-.1529963,-.15994228,-.12464301,.01904523,-.019620096,.10868358,.013211581,.001338163,-.22195046,-.2195587,-.0074556349,-.10037863,-.12234496,-.12502165,.19713387,.072363086,.043411937,-.23932487,.0016014068,.043355551,.053279907,-.1311809,-.18655309,-.048160106,-.06877061,-.20620838,-.016735166,.034769241,.037711572,-.0062452215,-.055617604,-.073988929,.32943445,.015713669
.023370523,-.061101034,-.16017085,-.13843562,-.099263474,.066508003,.040816877,.084782667,-.11178049,-.12754515,-.15493897,-.17978077,-.13823494,.017456718,-.018948512,.13048178,.0083552143,.019961476,-.2340294,-.24480703,-.023685277,-.11204037,-.12869191,-.14748356,.21390902,.10991997,.0421375,-.24896625,-.0083253263,.013221974,.049460456,-.17090607,-.18990485,-.055983078,-.073725387,-.25806841,-.017810097,.013467349,.029257812,-.0022433207,-.06564758,-.083524533,.16667499,.0067770528
.031580668,-.077518195,-.17489827,-.15253364,-.10117453,.03352249,.0031033417,.066684633,-.10596976,-.14604864,-.14921471,-.1878892,-.14353049,.030907597,-.0026014473,.13843271,.0039047913,.038440093,-.24254535,-.26069623,-.027218491,-.1223991,-.13223796,-.15643544,.21554589,.145927,.060517214,-.24667697,-.0011248158,.015346598,.05365527,-.20800139,-.1952838,-.069781996,-.084010243,-.29871094,-.011125376,.0039329012,.060871933,-.00063756265,-.066094279,-.085858107,.033099215,-.00080648373
-.013941923,-.086681038,-.18643232,-.16151391,-.10829186,.02393366,-.035635393,.056602489,-.11033531,-.15295772,-.16307762,-.20104319,-.16393949,.035649467,.026384123,.14328288,.00050785567,.054467078,-.26309711,-.28638941,-.039621189,-.13189733,-.14090145,-.17997684,.22799352,.17687847,.089197434,-.24891934,.017083688,.064467028,.051761895,-.24966425,-.20780641,-.080886051,-.077642985,-.34449819,-.0024802955,-.00090178085,.04919469,.011338414,-.078318574,-.082145996,-.10498381,-.0032818476
-.052031923,-.10264625,-.19336446,-.17559455,-.12385083,-.016823441,-.080853872,.053176295,-.11475673,-.15674242,-.17513393,-.21025676,-.18501998,-.0031425152,.049418226,.12359747,-.0044872835,.068565525,-.27820238,-.32244211,-.055375893,-.16490619,-.14996219,-.20072991,.22480555,.20589098,.10215049,-.25507015,.029895077,.077768579,.037604332,-.29753256,-.22741164,-.084111556,-.087869652,-.38808015,-.012964411,-.015101486,.015153517,.019526361,-.088730611,-.081417568,-.36082911,-.0064883861
-.1719027,-.13894312,-.27252889,-.23426677,-.20623729,-.12050855,-.16183037,-.052616566,-.15341756,-.17876413,-.22612365,-.31684777,-.25645506,-.080979884,-.020304482,.0065319934,-.078933604,.027981497,-.39262325,-.39556196,-.16809431,-.27993074,-.22030655,-.24464028,.089051493,.076160468,.06125325,-.37485105,-.0038655347,-.016126994,-.042289458,-.37320614,-.38041508,-.12978724,-.13125461,-.42679468,-.10607574,-.13829371,-.0040878551,-.043220025,-.22055654,-.12697394,-.69155592,-.053195532
-.086010478,-.14231801,-.24223296,-.21142334,-.17382298,-.049276251,-.18336768,.022201965,-.10428511,-.20234735,-.22607905,-.27994859,-.24979004,-.022259733,.025495129,.042423576,-.095163189,.099092551,-.32839084,-.39788696,-.19056685,-.24747118,-.19009647,-.2367859,.19696635,.10437975,.11015385,-.36026332,.048507541,.065604836,-.0090688271,-.39754143,-.34972671,-.096232347,-.099211082,-.42920053,-.1205842,-.11844331,.067084551,-.033083793,-.16341878,-.089336194,-.63691407,-.10349678
-.047528144,-.13644636,-.23449196,-.2046032,-.17067474,-.064697944,-.25638816,.065533288,-.11460578,-.19485307,-.24545759,-.28399131,-.27249831,-.062864333,.041824233,.058941837,-.096921094,.13909501,-.30579153,-.41765824,-.16149265,-.23816845,-.17629297,-.23894531,.20734073,.15150455,.1331163,-.33307114,.029732903,.12937866,-.0037512099,-.4382388,-.32936156,-.1065963,-.091911092,-.47396967,-.12360748,-.11789379,.082993165,-.32578021,-.1470136,-.089831233,-.50295222,-.097057454
-.077403612,-.14989166,-.25764814,-.19582529,-.20440097,-.096897446,-.30777165,.0447894,-.11507507,-.21665888,-.2841906,-.3041546,-.30565846,-.068116762,.0063854484,.088571303,-.10256412,.12678774,-.32487059,-.43178016,-.18304648,-.23408249,-.21106252,-.27471003,.18471929,.17873938,.10650711,-.35444894,.06504897,.083738565,-.0092877718,-.49449483,-.34723315,-.13043779,-.11203544,-.54337895,-.13123788,-.14391835,.1006062,-.21836402,-.17782502,-.089203924,-.4162842,-.12348622
